1	0	0	0.569570	0.561774
2	0	0	-0.133358	0.943731
3	0	0	-0.758587	0.444643
4	0	0	-0.752380	-0.355333
5	0	0	0.038939	-0.237797
6	0	0	-0.747984	-0.381850
7	0	0	0.043750	-0.496555
8	0	0	0.019529	0.303079
9	0	0	0.817153	0.241477
10	0	0	0.067307	-0.037325
11	0	0	0.736045	-0.476403
12	0	0	0.054256	-0.057877
13	0	0	0.799361	0.233357
14	0	0	0.184440	0.745091
15	0	0	-0.231577	0.061768
16	0	0	0.451275	0.478557
17	0	0	-0.316917	0.255217
18	0	0	-0.714606	-0.438933
19	0	0	0.060518	-0.636879
20	0	0	-0.560523	-0.132589
21	0	0	-0.178705	-0.835594
22	0	0	-0.677673	-0.210269
23	0	0	0.115606	-0.313752
24	0	0	0.718287	0.212343
25	0	0	0.321603	-0.482382
26	0	0	0.950722	0.011794
27	0	0	0.605128	-0.709708
28	0	0	-0.010400	-0.198704
28	0	0	-0.774276	0.038980
28	0	0	0.000000	0.000000
31	1	4	0.008799	-0.124705
32	0	4	-0.416454	0.552908
33	1	4	0.344550	0.799633
34	0	4	-0.427170	0.588806
35	1	4	0.365767	0.482741
36	0	4	-0.396653	0.725053
37	1	4	0.380916	0.913166
38	0	4	-0.227719	0.393971
39	1	4	-0.502354	-0.357411
40	0	4	0.189256	0.044677
41	1	4	-0.336155	-0.558600
42	0	4	0.438692	-0.359572
43	1	4	0.031761	0.329200
44	0	4	0.372830	-0.394452
45	1	4	0.512390	0.393281
46	0	4	-0.177931	0.797579
47	1	4	-0.269094	0.002790
48	0	4	-0.730079	0.656619
49	1	4	0.063445	0.758200
50	0	4	-0.287047	0.039065
51	1	4	0.441244	-0.291983
52	0	4	0.928675	0.342376
53	1	4	0.129876	0.386206
54	0	4	-0.322784	-0.273415
55	1	4	0.290554	0.240217
56	0	4	-0.362031	-0.222528
57	1	4	-0.125461	0.541693
58	0	4	-0.646545	-0.065325
59	1	4	0.149543	0.013688
60	0	4	0.250711	0.807265
61	1	4	-0.433550	0.392795
62	0	4	0.148510	-0.156028
63	1	4	-0.630209	0.027266
64	0	4	0.099929	-0.299687
65	1	4	-0.698259	-0.353501
66	0	4	0.086785	-0.507466
67	1	4	-0.105982	0.268962
68	0	4	-0.071875	-0.530311
69	1	4	0.451820	0.074456
70	0	4	-0.340643	-0.035098
71	1	4	-0.558507	0.734665
72	0	4	0.091534	0.268353
73	1	4	-0.691096	0.102552
74	0	4	0.048589	0.407290
75	1	4	-0.737328	0.556733
76	0	4	-0.214128	-0.048462
77	1	4	0.576667	0.072552
78	0	4	0.182616	0.768774
79	1	4	0.034638	-0.017421
80	0	4	-0.576706	-0.533423
81	1	4	-0.114357	0.119442
82	0	4	-0.562014	-0.543584
83	1	4	-0.406417	0.241139
84	0	4	0.366279	0.448364
85	1	4	0.155981	-0.323501
86	0	4	-0.623969	-0.501482
87	1	4	-0.063797	0.069663
88	0	4	-0.786626	-0.273146
89	1	4	-0.057744	-0.602889
90	0	4	-0.843639	-0.453327
91	1	4	-0.158922	-0.867045
92	0	4	-0.819748	-0.416147
93	1	4	-0.079559	-0.719660
94	0	4	0.274556	-0.002301
95	1	4	-0.524755	0.030899
96	0	4	-0.019593	0.651230
97	1	4	-0.789972	0.435556
98	0	4	-0.603326	-0.342366
99	1	4	0.195485	-0.298757
100	0	4	-0.367857	-0.866777
101	1	4	-0.660661	-0.122286
102	0	4	0.113732	0.078503
103	1	4	-0.181328	0.822102
104	0	4	-0.882071	0.436150
105	1	4	-0.129057	0.166021
106	0	4	-0.843857	-0.193229
107	1	4	-0.067667	-0.386955
108	0	4	0.008148	0.409445
109	1	4	-0.298807	-0.329324
110	0	4	0.500688	-0.357740
111	1	4	0.826597	0.372865
112	0	4	0.071558	0.108450
113	1	4	0.757824	-0.302694
114	0	4	0.293828	-0.954390
115	1	4	-0.085960	-0.250287
116	0	4	-0.885846	-0.236813
117	1	4	-0.188009	0.154370
118	0	4	0.593020	0.327555
119	1	4	0.108449	0.964101
120	0	4	0.027175	0.168240
121	1	4	-0.628456	0.626659
122	0	4	0.142809	0.414173
123	1	4	-0.305983	-0.248085
124	0	4	-0.798002	0.382722
125	1	4	-0.083435	0.023009
126	0	4	0.228112	-0.713834
127	1	4	0.839752	-0.198183
128	0	4	0.154838	-0.611574
129	1	4	0.836484	-0.192816
130	0	4	0.366702	0.454721
131	1	4	0.962394	-0.079274
132	0	4	0.264175	0.311226
133	1	4	0.274601	-0.488706
134	0	4	0.627963	0.229023
135	1	4	-0.153570	0.399923
136	0	4	-0.625498	-0.246053
137	1	4	-0.538344	0.549186
138	0	4	0.173828	0.913618
139	1	4	0.261556	0.118443
140	0	4	-0.410923	-0.314882
141	1	4	-0.001510	0.372417
142	0	4	0.548925	-0.208118
143	1	4	0.614976	0.589151
144	0	4	0.744574	-0.200282
145	1	4	0.207235	0.392395
146	0	4	-0.481137	0.800002
147	1	4	-0.098942	0.097203
148	0	4	-0.286600	0.874882
149	1	4	0.278240	0.308353
150	0	4	-0.319005	-0.223905
151	1	4	0.332902	-0.687606
152	0	4	-0.255510	-0.145599
153	1	4	-0.036152	-0.914938
154	0	4	-0.761339	-0.577146
155	1	4	0.008666	-0.794152
156	0	4	-0.237574	-0.032991
157	1	4	0.093726	0.695185
158	0	4	0.780546	0.284967
159	1	4	0.030088	0.007814
160	0	4	0.246725	-0.762295
161	1	4	-0.552077	-0.718528
162	0	4	-0.476244	0.077870
163	1	4	0.081124	-0.496012
164	0	4	-0.607848	-0.089418
165	1	4	0.167400	0.108044
166	0	4	-0.192462	-0.606449
167	1	4	-0.728916	-0.012970
168	0	4	-0.588715	-0.800589
169	1	4	-0.872334	-0.052551
170	0	4	-0.225857	-0.523792
171	1	4	-0.962173	-0.211001
172	0	4	-0.379765	-0.759453
173	1	4	0.398409	-0.573856
174	0	4	-0.393972	-0.463705
175	1	4	0.390757	-0.308140
176	0	4	0.737721	0.412704
177	1	4	0.107474	-0.080032
178	0	4	-0.639021	0.207624
179	1	4	-0.181639	0.863979
180	0	4	0.107631	0.118108
181	1	4	0.876677	-0.102275
182	0	4	0.077143	-0.129565
183	1	4	0.781548	0.249661
184	0	4	-0.016714	0.302360
185	1	4	-0.360222	-0.420137
186	0	4	0.394220	-0.154024
187	1	4	-0.187637	-0.703062
188	0	4	-0.434002	0.058059
189	1	4	0.254427	0.465571
190	0	4	0.191052	-0.331915
191	1	4	0.772662	0.217384
192	0	4	0.106771	0.660767
193	1	4	-0.444578	0.081100
194	0	4	0.027125	-0.565039
195	1	4	0.792482	-0.332170
196	0	4	0.034395	-0.076624
197	1	4	0.667770	-0.565332
198	0	4	-0.130312	-0.620695
199	1	4	0.388462	-0.011701
200	0	4	-0.160356	-0.593765
201	1	4	0.639423	-0.612576
202	0	4	0.199401	0.055541
203	1	4	0.125924	0.852159
204	0	4	0.841201	0.493861
205	1	4	0.398865	-0.172727
206	0	4	-0.242369	0.305623
207	1	4	0.557027	0.274562
208	0	4	0.771272	-0.496216
209	1	4	0.767516	0.303775
210	0	4	-0.008559	0.497957
211	1	4	0.190079	-0.276990
212	0	4	0.323369	0.511828
213	1	4	-0.476500	0.526286
214	0	4	-0.852290	-0.179959
215	1	4	-0.055725	-0.254012
216	0	4	-0.775389	-0.603417
217	1	4	-0.644489	0.185801
218	0	4	-0.015061	-0.307980
219	1	4	0.757286	-0.099459
220	0	4	0.026906	0.226955
221	1	4	-0.245111	-0.525379
222	0	4	-0.873662	-0.030481
223	1	4	-0.247081	0.466908
224	0	4	0.338163	-0.078517
225	1	4	-0.457778	0.001960
226	0	4	0.036748	0.630803
227	1	4	0.209065	-0.150419
228	0	4	-0.553224	-0.393144
229	1	4	-0.178421	0.313625
230	0	4	0.615790	0.409691
231	1	4	-0.112525	0.078698
232	0	4	-0.640126	0.680061
233	1	4	-0.741552	-0.113483
234	0	4	-0.257504	0.523461
235	1	4	0.513253	0.309139
236	0	4	0.017794	-0.318969
237	1	4	0.753891	-0.632277
238	0	4	0.789659	0.166923
239	1	4	0.432995	0.883018
240	0	4	0.275995	0.098574
241	1	4	-0.344130	0.603991
242	0	4	-0.621704	-0.146311
243	1	4	0.076552	0.244124
244	0	4	-0.362395	-0.424700
245	1	4	0.352028	-0.064701
246	0	4	-0.439063	-0.183759
247	1	4	-0.139413	0.558002
248	0	4	0.459070	0.027137
249	1	4	0.253817	-0.746084
250	0	4	0.822373	-0.183285
251	1	4	0.619771	0.590635
252	0	4	-0.116513	0.903501
253	1	4	-0.507542	0.205578
254	0	4	0.028311	-0.388443
255	1	4	-0.751104	-0.208133
256	0	4	-0.745477	0.591848
257	1	4	0.013812	0.339892
258	0	4	0.773473	0.590721
259	1	4	0.000879	0.798325
260	0	4	-0.606204	0.277317
261	1	4	0.191289	0.340602
262	0	4	0.206459	-0.459254
263	1	4	-0.564223	-0.673845
264	0	4	-0.777010	0.097337
265	1	4	-0.300582	-0.545327
266	0	4	0.484853	-0.697289
267	1	4	0.154240	0.031199
268	0	4	0.028552	-0.758866
269	1	4	-0.447605	-0.116001
270	0	4	0.286716	-0.433449
271	1	4	-0.472392	-0.180952
272	0	4	0.322064	-0.274971
273	1	4	-0.447218	-0.055413
274	0	4	0.351221	-0.105362
275	1	4	-0.448427	-0.081642
276	0	4	-0.132909	0.653510
277	1	4	0.618752	0.379638
278	0	4	-0.031917	-0.085797
279	1	4	-0.807474	-0.282040
280	0	4	-0.020291	-0.424665
281	1	4	0.629062	0.042604
282	0	4	0.340412	0.788715
283	1	4	0.306795	-0.010578
284	0	4	-0.476975	-0.170903
285	1	4	0.212359	0.235076
286	0	4	0.280937	-0.561980
287	1	4	0.886947	-0.039723
288	0	4	0.154293	0.281553
289	1	4	-0.628890	0.444721
290	0	4	-0.954148	-0.286173
291	1	4	-0.262675	-0.688498
292	0	4	-0.594654	0.039369
293	1	4	0.060312	0.498737
294	0	4	-0.476213	-0.094677
295	1	4	-0.019085	-0.751209
296	0	4	0.187191	0.021741
297	1	4	0.986277	0.059957
298	0	4	0.190690	-0.023956
299	1	4	0.528692	0.701134
300	0	4	0.213691	-0.034240
301	1	4	0.009997	0.739394
302	0	4	0.269918	-0.017205
303	1	4	-0.129173	-0.710549
304	0	4	-0.652086	-0.105106
305	1	4	-0.333836	0.628868
306	0	4	0.397788	0.305255
307	1	4	-0.362563	0.056528
308	0	4	0.182448	0.642158
309	1	4	0.362928	-0.137218
310	0	4	-0.314875	0.287732
311	1	4	0.477336	0.176370
312	0	4	-0.163600	0.655120
313	1	4	0.069794	-0.110078
314	0	4	0.868602	-0.153740
315	1	4	0.586678	0.594938
316	0	4	0.327008	-0.161746
317	1	4	0.875310	0.420804
318	0	4	0.320951	-0.155986
319	1	4	-0.337049	0.299025
320	0	4	0.224519	0.868797
321	1	4	0.753748	0.268866
322	0	4	0.506011	-0.491809
323	1	4	-0.275140	-0.319176
324	0	4	0.516642	-0.204802
325	1	4	-0.033520	-0.785596
326	0	4	-0.801207	-0.560527
327	1	4	-0.054374	-0.273751
328	0	4	0.722508	-0.082823
329	1	4	0.059205	0.364422
330	0	4	0.641807	-0.183825
331	1	4	0.132112	-0.800438
332	0	4	-0.291516	-0.121808
333	1	4	0.428553	-0.470379
334	0	4	-0.219816	-0.001745
335	1	4	0.287512	-0.620306
336	0	4	-0.391789	-0.197754
337	1	4	-0.365476	0.601813
338	0	4	0.153632	-0.006897
339	1	4	0.907461	-0.274744
340	0	4	0.127757	-0.095686
341	1	4	0.458562	0.632715
342	0	4	0.725793	-0.121332
343	1	4	0.055783	0.315802
344	0	4	-0.375421	-0.358040
345	1	4	-0.625842	0.401755
346	0	4	-0.736061	-0.390616
347	1	4	0.047375	-0.552566
348	0	4	0.797718	-0.275104
349	1	4	0.485918	0.461633
350	0	4	-0.203774	0.056263
351	1	4	-0.998051	-0.039262
352	0	4	-0.249834	0.243886
353	1	4	0.201872	-0.416387
354	0	4	-0.574631	-0.608854
355	1	4	-0.720584	0.177720
356	0	4	-0.101564	-0.329049
357	1	4	0.618215	0.020119
358	0	4	0.490392	0.809841
359	1	4	-0.117388	0.289646
360	0	4	0.561461	0.712923
361	1	4	0.729442	-0.069243
362	0	4	0.170922	0.503519
363	1	4	-0.612154	0.339839
364	0	4	0.178714	0.460367
365	1	4	-0.618142	0.389516
366	0	4	-0.277250	-0.334220
367	1	4	0.503693	-0.507793
368	0	4	0.000013	0.113742
369	1	4	-0.650113	0.579936
370	0	4	-0.381064	-0.173465
371	1	4	-0.418479	0.625660
372	0	4	0.381453	0.636125
373	1	4	0.580449	-0.138730
374	0	4	0.699487	0.652364
375	1	4	0.706646	-0.147604
376	0	4	-0.071655	0.037460
377	1	4	-0.313944	0.799888
378	0	4	-0.126942	0.022051
379	1	4	-0.482138	0.738875
380	0	4	-0.462644	-0.060888
381	1	4	0.267348	-0.388166
382	0	4	0.653046	0.312716
383	1	4	0.086909	-0.252517
384	0	4	-0.710127	-0.183715
385	1	4	0.087297	-0.119571
386	0	4	0.558040	0.527268
387	1	4	0.128855	-0.147862
388	0	4	-0.209603	-0.872738
389	1	4	0.087006	-0.129756
390	0	4	-0.370088	0.526800
391	1	4	0.066670	-0.143456
392	0	4	-0.390527	0.513028
393	1	4	-0.902151	-0.101986
394	0	4	-0.111881	-0.226381
395	1	4	-0.911862	-0.231958
396	0	4	-0.205022	0.142712
397	1	4	0.298323	-0.479095
398	0	4	-0.490467	-0.345641
399	1	4	-0.069793	0.334825
400	0	4	0.267954	-0.390384
401	1	4	-0.195079	0.261998
402	0	4	-0.003141	-0.514636
403	1	4	-0.173239	0.267071
404	0	4	0.195437	0.977056
405	1	4	0.740438	0.391417
406	0	4	0.145713	-0.143655
407	1	4	-0.535804	-0.562624
408	0	4	0.090767	-0.065221
409	1	4	0.310604	0.703981
410	0	4	-0.033340	-0.018309
411	1	4	-0.762815	-0.346739
412	0	4	-0.195424	-0.910713
413	1	4	-0.351998	-0.126185
414	0	4	-0.154067	-0.901313
415	1	4	-0.700544	-0.317049
416	0	4	-0.132913	0.246685
417	1	4	-0.876885	-0.047435
418	0	4	-0.234156	-0.523776
419	1	4	0.381340	-0.012734
420	0	4	0.407107	0.786851
421	1	4	-0.391861	0.827477
422	0	4	0.228522	0.322378
423	1	4	0.446054	-0.447479
424	0	4	-0.194192	0.032193
425	1	4	0.054468	0.792567
426	0	4	0.413357	0.077586
427	1	4	0.221393	0.854213
428	0	4	0.839508	0.346341
429	1	4	0.172521	0.788075
430	0	4	0.368743	0.012513
