1	0	0	0.433013	0.250000	0
2	0	0	0.000000	0.000000	0
3	0	0	0.433013	0.250000	0
4	0	0	0.000000	0.000000	0
5	0	0	0.433013	0.250000	0
6	0	0	0.000000	0.000000	0
7	0	0	0.433013	0.250000	0
8	0	0	0.000000	0.000000	0
9	0	0	-0.433013	0.250000	0
10	0	0	0.000000	0.000000	0
11	0	0	-0.433013	0.250000	0
12	0	0	0.000000	0.000000	0
13	0	0	0.433013	0.250000	0
14	0	0	0.000000	0.000000	0
15	0	0	0.433013	0.250000	0
16	0	0	0.000000	0.000000	0
17	0	0	0.433013	0.250000	0
18	0	0	0.000000	0.000000	0
19	0	0	-0.000000	-0.500000	0
20	0	0	0.000000	0.000000	0
21	0	0	-0.000000	-0.500000	0
22	0	0	0.000000	0.000000	0
23	0	0	0.433013	0.250000	0
24	0	0	0.000000	0.000000	0
25	0	0	-0.433013	0.250000	0
26	0	0	0.000000	0.000000	0
27	0	0	-0.000000	-0.500000	0
28	0	0	0.000000	0.000000	0
29	0	0	-0.433013	0.250000	0
30	0	0	0.000000	0.000000	0
31	0	0	0.433013	0.250000	0
32	0	0	0.000000	0.000000	0
33	0	0	-0.000000	-0.500000	0
34	0	0	0.000000	0.000000	0
35	0	0	-0.000000	-0.500000	0
36	0	0	0.000000	0.000000	0
37	0	0	-0.433013	0.250000	0
38	0	0	0.000000	0.000000	0
39	0	0	-0.433013	0.250000	0
40	0	0	0.000000	0.000000	0
41	0	0	-0.000000	-0.500000	0
42	0	0	0.000000	0.000000	0
43	0	0	0.433013	0.250000	0
44	0	0	0.000000	0.000000	0
45	0	0	0.433013	0.250000	0
46	0	0	0.000000	0.000000	0
47	0	0	-0.000000	-0.500000	0
48	0	0	0.000000	0.000000	0
49	0	0	-0.000000	-0.500000	0
50	0	0	0.000000	0.000000	0
51	0	0	0.433013	0.250000	0
52	0	0	0.000000	0.000000	0
53	0	0	-0.433013	0.250000	0
54	0	0	0.000000	0.000000	0
55	0	0	-0.000000	-0.500000	0
56	0	0	0.000000	0.000000	0
57	0	0	0.433013	0.250000	0
58	0	0	0.000000	0.000000	0
59	0	0	-0.000000	-0.500000	0
60	0	0	0.000000	0.000000	0
61	0	0	-0.433013	0.250000	0
62	0	0	0.000000	0.000000	0
63	0	0	-0.433013	0.250000	0
64	0	0	0.000000	0.000000	0
65	0	0	-0.000000	-0.500000	0
66	0	0	0.000000	0.000000	0
67	0	0	-0.000000	-0.500000	0
68	0	0	0.000000	0.000000	0
69	0	0	0.433013	0.250000	0
70	0	0	0.000000	0.000000	0
71	0	0	-0.433013	0.250000	0
72	0	0	0.000000	0.000000	0
73	0	0	-0.000000	-0.500000	0
74	0	0	0.000000	0.000000	0
75	0	0	-0.000000	-0.500000	0
76	0	0	0.000000	0.000000	0
77	0	0	-0.433013	0.250000	0
78	0	0	0.000000	0.000000	0
79	0	0	0.433013	0.250000	0
80	0	0	0.000000	0.000000	0
81	0	0	-0.433013	0.250000	0
82	0	0	0.000000	0.000000	0
83	0	0	-0.433013	0.250000	0
84	0	0	0.000000	0.000000	0
85	0	0	-0.433013	0.250000	0
86	0	0	0.000000	0.000000	0
87	0	0	-0.000000	-0.500000	0
88	0	0	0.000000	0.000000	0
89	0	0	-0.433013	0.250000	0
90	0	0	0.000000	0.000000	0
91	0	0	-0.000000	-0.500000	0
92	0	0	0.000000	0.000000	0
93	0	0	0.433013	0.250000	0
94	0	0	0.000000	0.000000	0
95	0	1	0.433013	0.250000	0
96	0	0	0.000000	0.000000	0
97	0	0	-0.433013	0.250000	0
98	0	0	0.000000	0.000000	0
99	0	0	-0.000000	-0.500000	0
100	0	0	0.000000	0.000000	0
101	0	0	0.433013	0.250000	0
102	0	0	0.000000	0.000000	0
103	0	0	0.433013	0.250000	0
104	0	0	0.000000	0.000000	0
105	0	0	0.433013	0.250000	0
106	0	0	0.000000	0.000000	0
107	0	0	0.433013	0.250000	0
108	0	0	0.000000	0.000000	0
109	0	0	0.433013	0.250000	0
110	0	0	0.000000	0.000000	0
111	0	0	-0.433013	0.250000	0
112	0	0	0.000000	0.000000	0
113	0	1	-0.433013	0.250000	0
114	0	0	0.000000	0.000000	0
115	0	0	0.433013	0.250000	0
116	0	0	0.000000	0.000000	0
117	0	0	0.433013	0.250000	0
118	0	0	0.000000	0.000000	0
119	0	0	-0.000000	-0.500000	0
120	0	0	0.000000	0.000000	0
121	0	0	0.433013	0.250000	0
122	0	0	0.000000	0.000000	0
123	0	0	0.433013	0.250000	0
124	0	0	0.000000	0.000000	0
125	0	0	-0.000000	-0.500000	0
126	0	0	0.000000	0.000000	0
127	0	1	0.433013	0.250000	0
128	0	0	0.000000	0.000000	0
129	0	0	0.433013	0.250000	0
130	0	0	0.000000	0.000000	0
131	0	0	0.433013	0.250000	0
132	0	0	0.000000	0.000000	0
133	0	0	-0.433013	0.250000	0
134	0	0	0.000000	0.000000	0
135	0	0	-0.000000	-0.500000	0
136	0	0	0.000000	0.000000	0
137	0	0	0.433013	0.250000	0
138	0	0	0.000000	0.000000	0
139	0	0	0.433013	0.250000	0
140	0	0	0.000000	0.000000	0
141	0	0	-0.000000	-0.500000	0
142	0	0	0.000000	0.000000	0
143	0	0	-0.000000	-0.500000	0
144	0	0	0.000000	0.000000	0
145	0	0	-0.433013	0.250000	0
146	0	0	0.000000	0.000000	0
147	0	0	-0.000000	-0.500000	0
148	0	0	0.000000	0.000000	0
149	0	0	0.433013	0.250000	0
150	0	0	0.000000	0.000000	0
151	0	0	0.433013	0.250000	0
152	0	0	0.000000	0.000000	0
153	0	1	-0.000000	-0.500000	0
154	0	0	0.000000	0.000000	0
155	0	0	-0.000000	-0.500000	0
156	0	0	0.000000	0.000000	0
157	0	0	0.433013	0.250000	0
158	0	0	0.000000	0.000000	0
159	0	0	0.433013	0.250000	0
160	0	0	0.000000	0.000000	0
161	0	0	-0.433013	0.250000	0
162	0	0	0.000000	0.000000	0
163	0	0	-0.000000	-0.500000	0
164	0	0	0.000000	0.000000	0
165	0	0	0.433013	0.250000	0
166	0	0	0.000000	0.000000	0
167	0	0	0.433013	0.250000	0
168	0	0	0.000000	0.000000	0
169	0	0	-0.000000	-0.500000	0
170	0	0	0.000000	0.000000	0
171	0	0	-0.000000	-0.500000	0
172	0	0	0.000000	0.000000	0
173	0	0	-0.433013	0.250000	0
174	0	0	0.000000	0.000000	0
175	0	0	-0.433013	0.250000	0
176	0	0	0.000000	0.000000	0
177	0	0	-0.433013	0.250000	0
178	0	0	0.000000	0.000000	0
179	0	1	-0.433013	0.250000	0
180	0	0	0.000000	0.000000	0
181	0	0	-0.433013	0.250000	0
182	0	0	0.000000	0.000000	0
183	0	0	-0.000000	-0.500000	0
184	0	0	0.000000	0.000000	0
185	0	0	-0.000000	-0.500000	0
186	0	0	0.000000	0.000000	0
187	0	1	0.433013	0.250000	0
188	0	0	0.000000	0.000000	0
189	0	0	0.433013	0.250000	0
190	0	0	0.000000	0.000000	0
191	0	0	0.433013	0.250000	0
192	0	0	0.000000	0.000000	0
193	0	0	-0.000000	-0.500000	0
194	0	0	0.000000	0.000000	0
195	0	0	0.433013	0.250000	0
196	0	0	0.000000	0.000000	0
197	0	0	0.433013	0.250000	0
198	0	0	0.000000	0.000000	0
199	0	0	0.433013	0.250000	0
200	0	0	0.000000	0.000000	0
201	0	0	-0.433013	0.250000	0
202	0	0	0.000000	0.000000	0
203	0	0	0.433013	0.250000	0
204	0	0	0.000000	0.000000	0
205	0	1	0.433013	0.250000	0
206	0	0	0.000000	0.000000	0
207	0	0	0.433013	0.250000	0
208	0	0	0.000000	0.000000	0
209	0	0	-0.433013	0.250000	0
210	0	0	0.000000	0.000000	0
211	0	0	-0.433013	0.250000	0
212	0	0	0.000000	0.000000	0
213	0	0	-0.000000	-0.500000	0
214	0	0	0.000000	0.000000	0
215	0	1	-0.433013	0.250000	0
216	0	0	0.000000	0.000000	0
217	0	0	-0.000000	-0.500000	0
218	0	0	0.000000	0.000000	0
219	0	0	-0.000000	-0.500000	0
220	0	0	0.000000	0.000000	0
221	0	0	-0.000000	-0.500000	0
222	0	0	0.000000	0.000000	0
223	0	0	0.433013	0.250000	0
224	0	0	0.000000	0.000000	0
225	0	0	0.433013	0.250000	0
226	0	0	0.000000	0.000000	0
227	0	0	-0.000000	-0.500000	0
228	0	0	0.000000	0.000000	0
229	0	0	-0.000000	-0.500000	0
230	0	0	0.000000	0.000000	0
231	0	1	-0.000000	-0.500000	0
232	0	0	0.000000	0.000000	0
233	0	0	-0.433013	0.250000	0
234	0	0	0.000000	0.000000	0
235	0	0	-0.000000	-0.500000	0
236	0	0	0.000000	0.000000	0
237	0	0	-0.000000	-0.500000	0
238	0	0	0.000000	0.000000	0
239	0	0	-0.433013	0.250000	0
240	0	0	0.000000	0.000000	0
241	0	0	0.433013	0.250000	0
242	0	0	0.000000	0.000000	0
243	0	1	0.433013	0.250000	0
244	0	0	0.000000	0.000000	0
245	0	0	0.433013	0.250000	0
246	0	0	0.000000	0.000000	0
247	0	0	-0.000000	-0.500000	0
248	0	0	0.000000	0.000000	0
249	0	0	-0.000000	-0.500000	0
250	0	0	0.000000	0.000000	0
251	0	0	-0.433013	0.250000	0
252	0	0	0.000000	0.000000	0
253	0	0	-0.433013	0.250000	0
254	0	0	0.000000	0.000000	0
255	0	1	-0.000000	-0.500000	0
256	0	0	0.000000	0.000000	0
257	0	0	0.433013	0.250000	0
258	0	0	0.000000	0.000000	0
259	0	0	-0.000000	-0.500000	0
260	0	0	0.000000	0.000000	0
261	0	0	0.433013	0.250000	0
262	0	0	0.000000	0.000000	0
263	0	0	-0.433013	0.250000	0
264	0	0	0.000000	0.000000	0
265	0	0	-0.000000	-0.500000	0
266	0	0	0.000000	0.000000	0
267	0	0	-0.433013	0.250000	0
268	0	0	0.000000	0.000000	0
269	0	0	-0.433013	0.250000	0
270	0	0	0.000000	0.000000	0
271	0	1	-0.433013	0.250000	0
272	0	0	0.000000	0.000000	0
273	0	0	-0.000000	-0.500000	0
274	0	0	0.000000	0.000000	0
275	0	0	-0.433013	0.250000	0
276	0	0	0.000000	0.000000	0
277	0	0	-0.000000	-0.500000	0
278	0	0	0.000000	0.000000	0
279	0	0	-0.433013	0.250000	0
280	0	0	0.000000	0.000000	0
281	0	0	-0.433013	0.250000	0
282	0	0	0.000000	0.000000	0
283	0	0	-0.000000	-0.500000	0
284	0	0	0.000000	0.000000	0
285	0	0	-0.000000	-0.500000	0
286	0	0	0.000000	0.000000	0
287	0	0	-0.433013	0.250000	0
288	0	0	0.000000	0.000000	0
289	0	0	-0.433013	0.250000	0
290	0	0	0.000000	0.000000	0
291	0	0	0.433013	0.250000	0
292	0	0	0.000000	0.000000	0
293	0	0	0.433013	0.250000	0
294	0	0	0.000000	0.000000	0
295	0	0	0.433013	0.250000	0
296	0	0	0.000000	0.000000	0
297	0	1	0.433013	0.250000	0
298	0	0	0.000000	0.000000	0
299	0	0	-0.433013	0.250000	0
300	0	0	0.000000	0.000000	0
301	0	0	-0.000000	-0.500000	0
302	0	0	0.000000	0.000000	0
303	0	0	-0.000000	-0.500000	0
304	0	0	0.000000	0.000000	0
305	0	0	0.433013	0.250000	0
306	0	0	0.000000	0.000000	0
307	0	0	0.433013	0.250000	0
308	0	0	0.000000	0.000000	0
309	0	0	-0.433013	0.250000	0
310	0	0	0.000000	0.000000	0
311	0	0	-0.433013	0.250000	0
312	0	0	0.000000	0.000000	0
313	0	0	0.433013	0.250000	0
314	0	0	0.000000	0.000000	0
315	0	0	-0.433013	0.250000	0
316	0	0	0.000000	0.000000	0
317	0	0	-0.000000	-0.500000	0
318	0	0	0.000000	0.000000	0
319	0	0	0.433013	0.250000	0
320	0	0	0.000000	0.000000	0
321	0	0	0.433013	0.250000	0
322	0	0	0.000000	0.000000	0
323	0	0	-0.000000	-0.500000	0
324	0	0	0.000000	0.000000	0
325	0	1	-0.000000	-0.500000	0
326	0	0	0.000000	0.000000	0
327	0	0	0.433013	0.250000	0
328	0	0	0.000000	0.000000	0
329	0	0	-0.433013	0.250000	0
330	0	0	0.000000	0.000000	0
331	0	0	-0.433013	0.250000	0
332	0	0	0.000000	0.000000	0
333	0	1	-0.433013	0.250000	0
334	0	0	0.000000	0.000000	0
335	0	0	-0.000000	-0.500000	0
336	0	0	0.000000	0.000000	0
337	0	0	0.433013	0.250000	0
338	0	0	0.000000	0.000000	0
339	0	0	-0.000000	-0.500000	0
340	0	0	0.000000	0.000000	0
341	0	1	0.433013	0.250000	0
342	0	0	0.000000	0.000000	0
343	0	0	-0.000000	-0.500000	0
344	0	0	0.000000	0.000000	0
345	0	0	0.433013	0.250000	0
346	0	0	0.000000	0.000000	0
347	0	0	-0.000000	-0.500000	0
348	0	0	0.000000	0.000000	0
349	0	0	0.433013	0.250000	0
350	0	0	0.000000	0.000000	0
351	0	0	-0.433013	0.250000	0
352	0	0	0.000000	0.000000	0
353	0	0	-0.000000	-0.500000	0
354	0	0	0.000000	0.000000	0
355	0	0	-0.433013	0.250000	0
356	0	0	0.000000	0.000000	0
357	0	0	-0.000000	-0.500000	0
358	0	0	0.000000	0.000000	0
359	0	0	-0.433013	0.250000	0
360	0	0	0.000000	0.000000	0
361	0	0	-0.433013	0.250000	0
362	0	0	0.000000	0.000000	0
363	0	0	0.433013	0.250000	0
364	0	0	0.000000	0.000000	0
365	0	0	0.433013	0.250000	0
366	0	0	0.000000	0.000000	0
367	0	0	-0.433013	0.250000	0
368	0	0	0.000000	0.000000	0
369	0	0	-0.433013	0.250000	0
370	0	0	0.000000	0.000000	0
371	0	1	-0.000000	-0.500000	0
372	0	0	0.000000	0.000000	0
373	0	0	-0.000000	-0.500000	0
374	0	0	0.000000	0.000000	0
375	0	0	-0.433013	0.250000	0
376	0	0	0.000000	0.000000	0
377	0	0	-0.000000	-0.500000	0
378	0	0	0.000000	0.000000	0
379	0	0	-0.433013	0.250000	0
380	0	0	0.000000	0.000000	0
381	0	1	-0.433013	0.250000	0
382	0	0	0.000000	0.000000	0
383	0	0	-0.433013	0.250000	0
384	0	0	0.000000	0.000000	0
385	0	0	-0.433013	0.250000	0
386	0	0	0.000000	0.000000	0
387	0	0	0.433013	0.250000	0
388	0	0	0.000000	0.000000	0
389	0	1	-0.000000	-0.500000	0
390	0	0	0.000000	0.000000	0
391	0	0	0.433013	0.250000	0
392	0	0	0.000000	0.000000	0
393	0	0	-0.000000	-0.500000	0
394	0	0	0.000000	0.000000	0
395	0	0	-0.000000	-0.500000	0
396	0	0	0.000000	0.000000	0
397	0	0	-0.433013	0.250000	0
398	0	0	0.000000	0.000000	0
399	0	0	-0.000000	-0.500000	0
400	0	0	0.000000	0.000000	0
401	0	0	0.433013	0.250000	0
402	0	0	0.000000	0.000000	0
403	0	0	-0.433013	0.250000	0
404	0	0	0.000000	0.000000	0
405	0	0	-0.433013	0.250000	0
406	0	0	0.000000	0.000000	0
407	0	0	-0.433013	0.250000	0
408	0	0	0.000000	0.000000	0
409	0	1	-0.433013	0.250000	0
410	0	0	0.000000	0.000000	0
411	0	0	-0.000000	-0.500000	0
412	0	0	0.000000	0.000000	0
413	0	0	-0.433013	0.250000	0
414	0	0	0.000000	0.000000	0
415	0	0	0.433013	0.250000	0
416	0	0	0.000000	0.000000	0
417	0	0	-0.433013	0.250000	0
418	0	0	0.000000	0.000000	0
419	0	1	-0.000000	-0.500000	0
420	0	0	0.000000	0.000000	0
421	0	0	-0.000000	-0.500000	0
422	0	0	0.000000	0.000000	0
423	0	0	-0.433013	0.250000	0
424	0	0	0.000000	0.000000	0
425	0	0	0.433013	0.250000	0
426	0	0	0.000000	0.000000	0
427	0	0	-0.000000	-0.500000	0
428	0	0	0.000000	0.000000	0
429	0	1	-0.433013	0.250000	0
430	0	0	0.000000	0.000000	0
431	0	0	-0.433013	0.250000	0
432	0	0	0.000000	0.000000	0
433	0	0	-0.000000	-0.500000	0
434	0	0	0.000000	0.000000	0
435	0	0	-0.000000	-0.500000	0
436	0	0	0.000000	0.000000	0
437	0	0	-0.000000	-0.500000	0
438	0	0	0.000000	0.000000	0
439	0	0	-0.000000	-0.500000	0
440	0	0	0.000000	0.000000	0
441	0	0	-0.433013	0.250000	0
442	0	0	0.000000	0.000000	0
443	0	0	0.433013	0.250000	0
444	0	0	0.000000	0.000000	0
445	0	0	-0.433013	0.250000	0
446	0	0	0.000000	0.000000	0
447	0	1	-0.000000	-0.500000	0
448	0	0	0.000000	0.000000	0
449	0	0	-0.433013	0.250000	0
450	0	0	0.000000	0.000000	0
451	0	0	-0.433013	0.250000	0
452	0	0	0.000000	0.000000	0
453	0	0	-0.433013	0.250000	0
454	0	0	0.000000	0.000000	0
455	0	0	-0.000000	-0.500000	0
456	0	0	0.000000	0.000000	0
457	0	0	-0.433013	0.250000	0
458	0	0	0.000000	0.000000	0
459	0	0	0.433013	0.250000	0
460	0	0	0.000000	0.000000	0
461	0	0	-0.000000	-0.500000	0
462	0	0	0.000000	0.000000	0
463	0	1	0.433013	0.250000	0
464	0	0	0.000000	0.000000	0
465	0	0	0.433013	0.250000	0
466	0	0	0.000000	0.000000	0
467	0	0	0.433013	0.250000	0
468	0	0	0.000000	0.000000	0
469	0	0	-0.433013	0.250000	0
470	0	0	0.000000	0.000000	0
471	0	0	-0.433013	0.250000	0
472	0	0	0.000000	0.000000	0
473	0	0	-0.000000	-0.500000	0
474	0	0	0.000000	0.000000	0
475	1	1	-0.000000	-0.500000	.1
476	1	1	0.000000	0.000000	.1
477	1	1	-0.000000	-0.500000	.1
478	1	1	0.000000	0.000000	.1
479	1	1	-0.433013	0.250000	.1
480	1	1	0.000000	0.000000	.1
481	1	1	-0.000000	-0.500000	.1
482	1	1	0.000000	0.000000	.1
483	1	1	0.433013	0.250000	.1
484	1	1	0.000000	0.000000	.1
485	1	1	-0.433013	0.250000	.1
486	1	1	0.000000	0.000000	.1
487	1	1	-0.000000	-0.500000	.1
488	1	1	0.000000	0.000000	.1
489	1	1	-0.000000	-0.500000	.1
490	1	1	0.000000	0.000000	.1
491	1	1	-0.000000	-0.500000	.1
492	1	1	0.000000	0.000000	.1
493	1	1	0.433013	0.250000	.1
494	1	1	0.000000	0.000000	.1
495	1	1	-0.433013	0.250000	.1
496	1	1	0.000000	0.000000	.1
497	1	1	-0.433013	0.250000	.1
498	1	1	0.000000	0.000000	.1
499	1	1	0.433013	0.250000	.1
500	1	1	0.000000	0.000000	.1
501	1	1	-0.000000	-0.500000	.1
502	1	1	0.000000	0.000000	.1
503	1	1	0.433013	0.250000	.1
504	1	1	0.000000	0.000000	.1
505	1	1	-0.000000	-0.500000	.1
506	1	1	0.000000	0.000000	.1
507	1	1	0.433013	0.250000	.1
508	1	1	0.000000	0.000000	.1
509	1	1	-0.433013	0.250000	.1
510	1	1	0.000000	0.000000	.1
511	1	1	-0.433013	0.250000	.1
512	1	1	0.000000	0.000000	.1
513	1	1	-0.433013	0.250000	.1
514	1	1	0.000000	0.000000	.1
515	1	1	-0.433013	0.250000	.1
516	1	1	0.000000	0.000000	.1
517	1	1	-0.433013	0.250000	.1
518	1	1	0.000000	0.000000	.1
519	1	1	0.433013	0.250000	.1
520	1	1	0.000000	0.000000	.1
521	1	1	-0.433013	0.250000	.1
522	1	1	0.000000	0.000000	.1
523	1	1	-0.000000	-0.500000	.1
524	1	1	0.000000	0.000000	.1
525	1	1	-0.433013	0.250000	.1
526	1	1	0.000000	0.000000	.1
527	1	1	-0.000000	-0.500000	.1
528	1	1	0.000000	0.000000	.1
529	1	1	-0.433013	0.250000	.1
530	1	1	0.000000	0.000000	.1
531	1	1	-0.000000	-0.500000	.1
532	1	1	0.000000	0.000000	.1
533	1	1	-0.433013	0.250000	.1
534	1	1	0.000000	0.000000	.1
535	1	1	-0.433013	0.250000	.1
536	1	1	0.000000	0.000000	.1
537	1	1	0.433013	0.250000	.1
538	1	1	0.000000	0.000000	.1
539	1	1	-0.433013	0.250000	.1
540	1	1	0.000000	0.000000	.1
541	1	1	-0.000000	-0.500000	.1
542	1	1	0.000000	0.000000	.1
543	1	1	-0.000000	-0.500000	.1
544	1	1	0.000000	0.000000	.1
545	1	1	-0.000000	-0.500000	.1
546	1	1	0.000000	0.000000	.1
547	1	1	-0.000000	-0.500000	.1
548	1	1	0.000000	0.000000	.1
549	1	1	-0.000000	-0.500000	.1
550	1	1	0.000000	0.000000	.1
551	1	1	0.433013	0.250000	.1
552	1	1	0.000000	0.000000	.1
553	1	1	0.433013	0.250000	.1
554	1	1	0.000000	0.000000	.1
555	1	1	-0.433013	0.250000	.1
556	1	1	0.000000	0.000000	.1
557	1	1	-0.000000	-0.500000	.1
558	1	1	0.000000	0.000000	.1
559	1	1	-0.000000	-0.500000	.1
560	1	1	0.000000	0.000000	.1
561	1	1	-0.000000	-0.500000	.1
562	1	1	0.000000	0.000000	.1
563	1	1	-0.000000	-0.500000	.1
564	1	1	0.000000	0.000000	.1
565	1	1	0.433013	0.250000	.1
566	1	1	0.000000	0.000000	.1
567	1	1	-0.433013	0.250000	.1
568	1	1	0.000000	0.000000	.1
569	1	1	-0.000000	-0.500000	.1
570	1	1	0.000000	0.000000	.1
571	1	1	-0.433013	0.250000	.1
572	1	1	0.000000	0.000000	.1
573	1	1	0.433013	0.250000	.1
574	1	1	0.000000	0.000000	.1
575	1	1	-0.433013	0.250000	.1
576	1	1	0.000000	0.000000	.1
577	1	1	-0.000000	-0.500000	.1
578	1	1	0.000000	0.000000	.1
579	1	1	-0.000000	-0.500000	.1
580	1	1	0.000000	0.000000	.1
581	1	1	-0.433013	0.250000	.1
582	1	1	0.000000	0.000000	.1
583	1	1	-0.433013	0.250000	.1
584	1	1	0.000000	0.000000	.1
585	1	1	-0.433013	0.250000	.1
586	1	1	0.000000	0.000000	.1
587	1	1	-0.000000	-0.500000	.1
588	1	1	0.000000	0.000000	.1
589	1	1	-0.000000	-0.500000	.1
590	1	1	0.000000	0.000000	.1
591	1	1	0.433013	0.250000	.1
592	1	1	0.000000	0.000000	.1
593	1	1	-0.000000	-0.500000	.1
594	1	1	0.000000	0.000000	.1
595	1	1	-0.000000	-0.500000	.1
596	1	1	0.000000	0.000000	.1
597	1	1	0.433013	0.250000	.1
598	1	1	0.000000	0.000000	.1
599	1	1	0.433013	0.250000	.1
600	1	1	0.000000	0.000000	.1
601	1	1	-0.433013	0.250000	.1
602	1	1	0.000000	0.000000	.1
603	1	1	-0.433013	0.250000	.1
604	1	1	0.000000	0.000000	.1
605	1	1	-0.000000	-0.500000	.1
606	1	1	0.000000	0.000000	.1
607	1	1	-0.000000	-0.500000	.1
608	1	1	0.000000	0.000000	.1
609	1	1	0.433013	0.250000	.1
610	1	1	0.000000	0.000000	.1
611	1	1	0.433013	0.250000	.1
612	1	1	0.000000	0.000000	.1
613	1	1	-0.433013	0.250000	.1
614	1	1	0.000000	0.000000	.1
615	1	1	-0.000000	-0.500000	.1
616	1	1	0.000000	0.000000	.1
617	1	1	0.433013	0.250000	.1
618	1	1	0.000000	0.000000	.1
619	1	1	-0.433013	0.250000	.1
620	1	1	0.000000	0.000000	.1
621	1	1	-0.000000	-0.500000	.1
622	1	1	0.000000	0.000000	.1
623	1	1	-0.433013	0.250000	.1
624	1	1	0.000000	0.000000	.1
625	1	1	-0.000000	-0.500000	.1
626	1	1	0.000000	0.000000	.1
627	1	1	-0.433013	0.250000	.1
628	1	1	0.000000	0.000000	.1
629	1	1	-0.000000	-0.500000	.1
630	1	1	0.000000	0.000000	.1
631	1	1	0.433013	0.250000	.1
632	1	1	0.000000	0.000000	.1
633	1	1	0.433013	0.250000	.1
634	1	1	0.000000	0.000000	.1
635	1	1	-0.433013	0.250000	.1
636	1	1	0.000000	0.000000	.1
637	1	1	0.433013	0.250000	.1
638	1	1	0.000000	0.000000	.1
639	1	1	0.433013	0.250000	.1
640	1	1	0.000000	0.000000	.1
641	1	1	-0.000000	-0.500000	.1
642	1	1	0.000000	0.000000	.1
643	1	1	-0.433013	0.250000	.1
644	1	1	0.000000	0.000000	.1
645	1	1	0.433013	0.250000	.1
646	1	1	0.000000	0.000000	.1
647	1	1	-0.000000	-0.500000	.1
648	1	1	0.000000	0.000000	.1
649	1	1	-0.433013	0.250000	.1
650	1	1	0.000000	0.000000	.1
651	1	1	-0.000000	-0.500000	.1
652	1	1	0.000000	0.000000	.1
653	1	1	-0.433013	0.250000	.1
654	1	1	0.000000	0.000000	.1
655	1	1	-0.433013	0.250000	.1
656	1	1	0.000000	0.000000	.1
657	1	1	0.433013	0.250000	.1
658	1	1	0.000000	0.000000	.1
659	1	1	0.433013	0.250000	.1
660	1	1	0.000000	0.000000	.1
661	1	1	0.433013	0.250000	.1
662	1	1	0.000000	0.000000	.1
663	1	1	-0.000000	-0.500000	.1
664	1	1	0.000000	0.000000	.1
665	1	1	0.433013	0.250000	.1
666	1	1	0.000000	0.000000	.1
667	1	1	-0.000000	-0.500000	.1
668	1	1	0.000000	0.000000	.1
669	1	1	0.433013	0.250000	.1
670	1	1	0.000000	0.000000	.1
671	1	1	0.433013	0.250000	.1
672	1	1	0.000000	0.000000	.1
673	1	1	-0.433013	0.250000	.1
674	1	1	0.000000	0.000000	.1
675	1	1	-0.433013	0.250000	.1
676	1	1	0.000000	0.000000	.1
677	1	1	0.433013	0.250000	.1
678	1	1	0.000000	0.000000	.1
679	1	1	-0.433013	0.250000	.1
680	1	1	0.000000	0.000000	.1
681	1	1	0.433013	0.250000	.1
682	1	1	0.000000	0.000000	.1
683	1	1	-0.433013	0.250000	.1
684	1	1	0.000000	0.000000	.1
685	1	1	-0.433013	0.250000	.1
686	1	1	0.000000	0.000000	.1
687	1	1	-0.000000	-0.500000	.1
688	1	1	0.000000	0.000000	.1
689	1	1	0.433013	0.250000	.1
690	1	1	0.000000	0.000000	.1
691	1	1	-0.000000	-0.500000	.1
692	1	1	0.000000	0.000000	.1
693	1	1	-0.433013	0.250000	.1
694	1	1	0.000000	0.000000	.1
695	1	1	-0.000000	-0.500000	.1
696	1	1	0.000000	0.000000	.1
697	1	1	-0.000000	-0.500000	.1
698	1	1	0.000000	0.000000	.1
699	1	1	-0.000000	-0.500000	.1
700	1	1	0.000000	0.000000	.1
701	1	1	0.433013	0.250000	.1
702	1	1	0.000000	0.000000	.1
703	1	1	-0.433013	0.250000	.1
704	1	1	0.000000	0.000000	.1
705	1	1	0.433013	0.250000	.1
706	1	1	0.000000	0.000000	.1
707	1	1	-0.433013	0.250000	.1
708	1	1	0.000000	0.000000	.1
709	1	1	0.433013	0.250000	.1
710	1	1	0.000000	0.000000	.1
711	1	1	0.433013	0.250000	.1
712	1	1	0.000000	0.000000	.1
713	1	1	-0.433013	0.250000	.1
714	1	1	0.000000	0.000000	.1
715	1	1	-0.433013	0.250000	.1
716	1	1	0.000000	0.000000	.1
717	1	1	-0.433013	0.250000	.1
718	1	1	0.000000	0.000000	.1
719	1	1	-0.433013	0.250000	.1
720	1	1	0.000000	0.000000	.1
721	1	1	0.433013	0.250000	.1
722	1	1	0.000000	0.000000	.1
723	1	1	-0.000000	-0.500000	.1
724	1	1	0.000000	0.000000	.1
725	1	1	0.433013	0.250000	.1
726	1	1	0.000000	0.000000	.1
727	1	1	-0.000000	-0.500000	.1
728	1	1	0.000000	0.000000	.1
729	1	1	-0.433013	0.250000	.1
730	1	1	0.000000	0.000000	.1
731	1	1	-0.000000	-0.500000	.1
732	1	1	0.000000	0.000000	.1
733	1	1	0.433013	0.250000	.1
734	1	1	0.000000	0.000000	.1
735	1	1	0.433013	0.250000	.1
736	1	1	0.000000	0.000000	.1
737	1	1	-0.433013	0.250000	.1
738	1	1	0.000000	0.000000	.1
739	1	1	0.433013	0.250000	.1
740	1	1	0.000000	0.000000	.1
741	1	1	-0.000000	-0.500000	.1
742	1	1	0.000000	0.000000	.1
743	1	1	-0.433013	0.250000	.1
744	1	1	0.000000	0.000000	.1
745	1	1	-0.433013	0.250000	.1
746	1	1	0.000000	0.000000	.1
747	1	1	0.433013	0.250000	.1
748	1	1	0.000000	0.000000	.1
749	1	1	-0.433013	0.250000	.1
750	1	1	0.000000	0.000000	.1
751	1	1	-0.000000	-0.500000	.1
752	1	1	0.000000	0.000000	.1
753	1	1	-0.433013	0.250000	.1
754	1	1	0.000000	0.000000	.1
755	1	1	0.433013	0.250000	.1
756	1	1	0.000000	0.000000	.1
757	1	1	0.433013	0.250000	.1
758	1	1	0.000000	0.000000	.1
759	1	1	0.433013	0.250000	.1
760	1	1	0.000000	0.000000	.1
761	1	1	0.433013	0.250000	.1
762	1	1	0.000000	0.000000	.1
763	1	1	-0.000000	-0.500000	.1
764	1	1	0.000000	0.000000	.1
765	1	1	-0.000000	-0.500000	.1
766	1	1	0.000000	0.000000	.1
767	1	1	-0.000000	-0.500000	.1
768	1	1	0.000000	0.000000	.1
769	1	1	0.433013	0.250000	.1
770	1	1	0.000000	0.000000	.1
771	1	1	0.433013	0.250000	.1
772	1	1	0.000000	0.000000	.1
773	1	1	0.433013	0.250000	.1
774	1	1	0.000000	0.000000	.1
775	1	1	-0.000000	-0.500000	.1
776	1	1	0.000000	0.000000	.1
777	1	1	-0.433013	0.250000	.1
778	1	1	0.000000	0.000000	.1
779	1	1	-0.433013	0.250000	.1
780	1	1	0.000000	0.000000	.1
781	1	1	-0.000000	-0.500000	.1
782	1	1	0.000000	0.000000	.1
783	1	1	0.433013	0.250000	.1
784	1	1	0.000000	0.000000	.1
785	1	1	0.433013	0.250000	.1
786	1	1	0.000000	0.000000	.1
787	1	1	-0.000000	-0.500000	.1
788	1	1	0.000000	0.000000	.1
789	1	1	0.433013	0.250000	.1
790	1	1	0.000000	0.000000	.1
791	1	1	0.433013	0.250000	.1
792	1	1	0.000000	0.000000	.1
793	1	1	0.433013	0.250000	.1
794	1	1	0.000000	0.000000	.1
795	1	1	-0.433013	0.250000	.1
796	1	1	0.000000	0.000000	.1
797	1	1	-0.433013	0.250000	.1
798	1	1	0.000000	0.000000	.1
799	1	1	0.433013	0.250000	.1
800	1	1	0.000000	0.000000	.1
801	1	1	0.433013	0.250000	.1
802	1	1	0.000000	0.000000	.1
803	1	1	-0.433013	0.250000	.1
804	1	1	0.000000	0.000000	.1
805	1	1	-0.433013	0.250000	.1
806	1	1	0.000000	0.000000	.1
807	1	1	-0.000000	-0.500000	.1
808	1	1	0.000000	0.000000	.1
809	1	1	-0.000000	-0.500000	.1
810	1	1	0.000000	0.000000	.1
811	1	1	0.433013	0.250000	.1
812	1	1	0.000000	0.000000	.1
813	1	1	-0.433013	0.250000	.1
814	1	1	0.000000	0.000000	.1
815	1	1	-0.433013	0.250000	.1
816	1	1	0.000000	0.000000	.1
817	1	1	0.433013	0.250000	.1
818	1	1	0.000000	0.000000	.1
819	1	1	0.433013	0.250000	.1
820	1	1	0.000000	0.000000	.1
821	1	1	-0.000000	-0.500000	.1
822	1	1	0.000000	0.000000	.1
823	1	1	0.433013	0.250000	.1
824	1	1	0.000000	0.000000	.1
825	1	1	-0.000000	-0.500000	.1
826	1	1	0.000000	0.000000	.1
827	1	1	-0.000000	-0.500000	.1
828	1	1	0.000000	0.000000	.1
829	1	1	-0.433013	0.250000	.1
830	1	1	0.000000	0.000000	.1
831	1	1	-0.000000	-0.500000	.1
832	1	1	0.000000	0.000000	.1
833	1	1	-0.000000	-0.500000	.1
834	1	1	0.000000	0.000000	.1
835	1	1	-0.433013	0.250000	.1
836	1	1	0.000000	0.000000	.1
837	1	1	0.433013	0.250000	.1
838	1	1	0.000000	0.000000	.1
839	1	1	-0.433013	0.250000	.1
840	1	1	0.000000	0.000000	.1
841	1	1	-0.000000	-0.500000	.1
842	1	1	0.000000	0.000000	.1
843	1	1	-0.433013	0.250000	.1
844	1	1	0.000000	0.000000	.1
845	1	1	0.433013	0.250000	.1
846	1	1	0.000000	0.000000	.1
847	1	1	-0.000000	-0.500000	.1
848	1	1	0.000000	0.000000	.1
849	1	1	-0.000000	-0.500000	.1
850	1	1	0.000000	0.000000	.1
851	1	1	0.433013	0.250000	.1
852	1	1	0.000000	0.000000	.1
853	1	1	0.433013	0.250000	.1
854	1	1	0.000000	0.000000	.1
855	1	1	-0.433013	0.250000	.1
856	1	1	0.000000	0.000000	.1
857	1	1	0.433013	0.250000	.1
858	1	1	0.000000	0.000000	.1
859	0	1	-0.433013	0.250000	0
860	0	1	0.000000	0.000000	0
861	0	1	0.433013	0.250000	0
862	0	1	0.000000	0.000000	0
863	0	1	-0.433013	0.250000	0
864	0	1	0.000000	0.000000	0
865	0	1	-0.433013	0.250000	0
866	0	1	0.000000	0.000000	0
867	0	1	0.433013	0.250000	0
868	0	1	0.000000	0.000000	0
869	0	1	0.433013	0.250000	0
870	0	1	0.000000	0.000000	0
871	0	1	0.433013	0.250000	0
872	0	1	0.000000	0.000000	0
873	0	1	-0.000000	-0.500000	0
874	0	1	0.000000	0.000000	0
875	0	1	-0.433013	0.250000	0
876	0	1	0.000000	0.000000	0
877	0	1	-0.433013	0.250000	0
878	0	1	0.000000	0.000000	0
879	0	1	-0.000000	-0.500000	0
880	0	1	0.000000	0.000000	0
881	0	1	-0.000000	-0.500000	0
882	0	1	0.000000	0.000000	0
883	0	1	-0.433013	0.250000	0
884	0	1	0.000000	0.000000	0
885	0	1	-0.000000	-0.500000	0
886	0	1	0.000000	0.000000	0
887	0	1	-0.433013	0.250000	0
888	0	1	0.000000	0.000000	0
889	0	1	-0.000000	-0.500000	0
890	0	1	0.000000	0.000000	0
891	0	1	-0.433013	0.250000	0
892	0	1	0.000000	0.000000	0
893	0	1	0.433013	0.250000	0
894	0	1	0.000000	0.000000	0
895	0	1	-0.000000	-0.500000	0
896	0	1	0.000000	0.000000	0
897	0	1	-0.000000	-0.500000	0
898	0	1	0.000000	0.000000	0
899	0	1	-0.000000	-0.500000	0
900	0	1	0.000000	0.000000	0
901	0	1	0.433013	0.250000	0
902	0	1	0.000000	0.000000	0
903	0	1	0.433013	0.250000	0
904	0	1	0.000000	0.000000	0
905	0	1	0.433013	0.250000	0
906	0	1	0.000000	0.000000	0
907	0	0	-0.000000	-0.500000	0
908	0	0	0.000000	0.000000	0
909	0	0	0.433013	0.250000	0
910	0	0	0.000000	0.000000	0
911	0	0	0.433013	0.250000	0
912	0	0	0.000000	0.000000	0
913	0	0	0.433013	0.250000	0
914	0	0	0.000000	0.000000	0
915	0	0	-0.433013	0.250000	0
916	0	0	0.000000	0.000000	0
917	0	0	-0.433013	0.250000	0
918	0	0	0.000000	0.000000	0
919	0	0	-0.000000	-0.500000	0
920	0	0	0.000000	0.000000	0
921	0	0	0.433013	0.250000	0
922	0	0	0.000000	0.000000	0
923	0	0	-0.433013	0.250000	0
924	0	0	0.000000	0.000000	0
925	0	0	0.433013	0.250000	0
926	0	0	0.000000	0.000000	0
927	0	0	-0.000000	-0.500000	0
928	0	0	0.000000	0.000000	0
929	0	0	-0.433013	0.250000	0
930	0	0	0.000000	0.000000	0
931	0	0	-0.433013	0.250000	0
932	0	0	0.000000	0.000000	0
933	0	0	-0.000000	-0.500000	0
934	0	0	0.000000	0.000000	0
935	0	0	-0.000000	-0.500000	0
936	0	0	0.000000	0.000000	0
