1	0	0	0.433013	0.250000
2	0	0	0.000000	0.000000
3	0	0	0.433013	0.250000
4	0	0	0.000000	0.000000
5	0	0	0.433013	0.250000
6	0	0	0.000000	0.000000
7	0	0	0.433013	0.250000
8	0	0	0.000000	0.000000
9	0	0	-0.433013	0.250000
10	0	0	0.000000	0.000000
11	0	0	-0.433013	0.250000
12	0	0	0.000000	0.000000
13	0	0	0.433013	0.250000
14	0	0	0.000000	0.000000
15	0	0	0.433013	0.250000
16	0	0	0.000000	0.000000
17	0	0	0.433013	0.250000
18	0	0	0.000000	0.000000
19	0	0	-0.000000	-0.500000
20	0	0	0.000000	0.000000
21	0	0	-0.000000	-0.500000
22	0	0	0.000000	0.000000
23	0	0	0.433013	0.250000
24	0	0	0.000000	0.000000
25	0	0	-0.433013	0.250000
26	0	0	0.000000	0.000000
27	0	0	-0.000000	-0.500000
28	0	0	0.000000	0.000000
29	0	0	-0.433013	0.250000
30	0	0	0.000000	0.000000
31	0	0	0.433013	0.250000
32	0	0	0.000000	0.000000
33	0	0	-0.000000	-0.500000
34	0	0	0.000000	0.000000
35	0	0	-0.000000	-0.500000
36	0	0	0.000000	0.000000
37	0	0	-0.433013	0.250000
38	0	0	0.000000	0.000000
39	0	0	-0.433013	0.250000
40	0	0	0.000000	0.000000
41	0	0	-0.000000	-0.500000
42	0	0	0.000000	0.000000
43	0	0	0.433013	0.250000
44	0	0	0.000000	0.000000
45	0	0	0.433013	0.250000
46	0	0	0.000000	0.000000
47	0	0	-0.000000	-0.500000
48	0	0	0.000000	0.000000
49	0	0	-0.000000	-0.500000
50	0	0	0.000000	0.000000
51	0	0	0.433013	0.250000
52	0	0	0.000000	0.000000
53	0	0	-0.433013	0.250000
54	0	0	0.000000	0.000000
55	0	0	-0.000000	-0.500000
56	0	0	0.000000	0.000000
57	0	0	0.433013	0.250000
58	0	0	0.000000	0.000000
59	0	0	-0.000000	-0.500000
60	0	0	0.000000	0.000000
61	0	0	-0.433013	0.250000
62	0	0	0.000000	0.000000
63	0	0	-0.433013	0.250000
64	0	0	0.000000	0.000000
65	0	0	-0.000000	-0.500000
66	0	0	0.000000	0.000000
67	0	0	-0.000000	-0.500000
68	0	0	0.000000	0.000000
69	0	0	0.433013	0.250000
70	0	0	0.000000	0.000000
71	0	0	-0.433013	0.250000
72	0	0	0.000000	0.000000
73	0	0	-0.000000	-0.500000
74	0	0	0.000000	0.000000
75	0	0	-0.000000	-0.500000
76	0	0	0.000000	0.000000
77	0	0	-0.433013	0.250000
78	0	0	0.000000	0.000000
79	0	0	0.433013	0.250000
80	0	0	0.000000	0.000000
81	0	0	-0.433013	0.250000
82	0	0	0.000000	0.000000
83	0	0	-0.433013	0.250000
84	0	0	0.000000	0.000000
85	0	0	-0.433013	0.250000
86	0	0	0.000000	0.000000
87	0	0	-0.000000	-0.500000
88	0	0	0.000000	0.000000
89	0	0	-0.433013	0.250000
90	0	0	0.000000	0.000000
91	0	0	-0.000000	-0.500000
92	0	0	0.000000	0.000000
93	0	0	0.433013	0.250000
94	0	0	0.000000	0.000000
95	0	1	0.433013	0.250000
96	0	0	0.000000	0.000000
97	0	0	-0.433013	0.250000
98	0	0	0.000000	0.000000
99	0	0	-0.000000	-0.500000
100	0	0	0.000000	0.000000
101	0	0	0.433013	0.250000
102	0	0	0.000000	0.000000
103	0	0	0.433013	0.250000
104	0	0	0.000000	0.000000
105	0	0	0.433013	0.250000
106	0	0	0.000000	0.000000
107	0	0	0.433013	0.250000
108	0	0	0.000000	0.000000
109	0	0	0.433013	0.250000
110	0	0	0.000000	0.000000
111	0	0	-0.433013	0.250000
112	0	0	0.000000	0.000000
113	0	1	-0.433013	0.250000
114	0	0	0.000000	0.000000
115	0	0	0.433013	0.250000
116	0	0	0.000000	0.000000
117	0	0	0.433013	0.250000
118	0	0	0.000000	0.000000
119	0	0	-0.000000	-0.500000
120	0	0	0.000000	0.000000
121	0	0	0.433013	0.250000
122	0	0	0.000000	0.000000
123	0	0	0.433013	0.250000
124	0	0	0.000000	0.000000
125	0	0	-0.000000	-0.500000
126	0	0	0.000000	0.000000
127	0	1	0.433013	0.250000
128	0	0	0.000000	0.000000
129	0	0	0.433013	0.250000
130	0	0	0.000000	0.000000
131	0	0	0.433013	0.250000
132	0	0	0.000000	0.000000
133	0	0	-0.433013	0.250000
134	0	0	0.000000	0.000000
135	0	0	-0.000000	-0.500000
136	0	0	0.000000	0.000000
137	0	0	0.433013	0.250000
138	0	0	0.000000	0.000000
139	0	0	0.433013	0.250000
140	0	0	0.000000	0.000000
141	0	0	-0.000000	-0.500000
142	0	0	0.000000	0.000000
143	0	0	-0.000000	-0.500000
144	0	0	0.000000	0.000000
145	0	0	-0.433013	0.250000
146	0	0	0.000000	0.000000
147	0	0	-0.000000	-0.500000
148	0	0	0.000000	0.000000
149	0	0	0.433013	0.250000
150	0	0	0.000000	0.000000
151	0	0	0.433013	0.250000
152	0	0	0.000000	0.000000
153	0	1	-0.000000	-0.500000
154	0	0	0.000000	0.000000
155	0	0	-0.000000	-0.500000
156	0	0	0.000000	0.000000
157	0	0	0.433013	0.250000
158	0	0	0.000000	0.000000
159	0	0	0.433013	0.250000
160	0	0	0.000000	0.000000
161	0	0	-0.433013	0.250000
162	0	0	0.000000	0.000000
163	0	0	-0.000000	-0.500000
164	0	0	0.000000	0.000000
165	0	0	0.433013	0.250000
166	0	0	0.000000	0.000000
167	0	0	0.433013	0.250000
168	0	0	0.000000	0.000000
169	0	0	-0.000000	-0.500000
170	0	0	0.000000	0.000000
171	0	0	-0.000000	-0.500000
172	0	0	0.000000	0.000000
173	0	0	-0.433013	0.250000
174	0	0	0.000000	0.000000
175	0	0	-0.433013	0.250000
176	0	0	0.000000	0.000000
177	0	0	-0.433013	0.250000
178	0	0	0.000000	0.000000
179	0	1	-0.433013	0.250000
180	0	0	0.000000	0.000000
181	0	0	-0.433013	0.250000
182	0	0	0.000000	0.000000
183	0	0	-0.000000	-0.500000
184	0	0	0.000000	0.000000
185	0	0	-0.000000	-0.500000
186	0	0	0.000000	0.000000
187	0	1	0.433013	0.250000
188	0	0	0.000000	0.000000
189	0	0	0.433013	0.250000
190	0	0	0.000000	0.000000
191	0	0	0.433013	0.250000
192	0	0	0.000000	0.000000
193	0	0	-0.000000	-0.500000
194	0	0	0.000000	0.000000
195	0	0	0.433013	0.250000
196	0	0	0.000000	0.000000
197	0	0	0.433013	0.250000
198	0	0	0.000000	0.000000
199	0	0	0.433013	0.250000
200	0	0	0.000000	0.000000
201	0	0	-0.433013	0.250000
202	0	0	0.000000	0.000000
203	0	0	0.433013	0.250000
204	0	0	0.000000	0.000000
205	0	1	0.433013	0.250000
206	0	0	0.000000	0.000000
207	0	0	0.433013	0.250000
208	0	0	0.000000	0.000000
209	0	0	-0.433013	0.250000
210	0	0	0.000000	0.000000
211	0	0	-0.433013	0.250000
212	0	0	0.000000	0.000000
213	0	0	-0.000000	-0.500000
214	0	0	0.000000	0.000000
215	0	1	-0.433013	0.250000
216	0	0	0.000000	0.000000
217	0	0	-0.000000	-0.500000
218	0	0	0.000000	0.000000
219	0	0	-0.000000	-0.500000
220	0	0	0.000000	0.000000
221	0	0	-0.000000	-0.500000
222	0	0	0.000000	0.000000
223	0	0	0.433013	0.250000
224	0	0	0.000000	0.000000
225	0	0	0.433013	0.250000
226	0	0	0.000000	0.000000
227	0	0	-0.000000	-0.500000
228	0	0	0.000000	0.000000
229	0	0	-0.000000	-0.500000
230	0	0	0.000000	0.000000
231	0	1	-0.000000	-0.500000
232	0	0	0.000000	0.000000
233	0	0	-0.433013	0.250000
234	0	0	0.000000	0.000000
235	0	0	-0.000000	-0.500000
236	0	0	0.000000	0.000000
237	0	0	-0.000000	-0.500000
238	0	0	0.000000	0.000000
239	0	0	-0.433013	0.250000
240	0	0	0.000000	0.000000
241	0	0	0.433013	0.250000
242	0	0	0.000000	0.000000
243	0	1	0.433013	0.250000
244	0	0	0.000000	0.000000
245	0	0	0.433013	0.250000
246	0	0	0.000000	0.000000
247	0	0	-0.000000	-0.500000
248	0	0	0.000000	0.000000
249	0	0	-0.000000	-0.500000
250	0	0	0.000000	0.000000
251	0	0	-0.433013	0.250000
252	0	0	0.000000	0.000000
253	0	0	-0.433013	0.250000
254	0	0	0.000000	0.000000
255	0	1	-0.000000	-0.500000
256	0	0	0.000000	0.000000
257	0	0	0.433013	0.250000
258	0	0	0.000000	0.000000
259	0	0	-0.000000	-0.500000
260	0	0	0.000000	0.000000
261	0	0	0.433013	0.250000
262	0	0	0.000000	0.000000
263	0	0	-0.433013	0.250000
264	0	0	0.000000	0.000000
265	0	0	-0.000000	-0.500000
266	0	0	0.000000	0.000000
267	0	0	-0.433013	0.250000
268	0	0	0.000000	0.000000
269	0	0	-0.433013	0.250000
270	0	0	0.000000	0.000000
271	0	1	-0.433013	0.250000
272	0	0	0.000000	0.000000
273	0	0	-0.000000	-0.500000
274	0	0	0.000000	0.000000
275	0	0	-0.433013	0.250000
276	0	0	0.000000	0.000000
277	0	0	-0.000000	-0.500000
278	0	0	0.000000	0.000000
279	0	0	-0.433013	0.250000
280	0	0	0.000000	0.000000
281	0	0	-0.433013	0.250000
282	0	0	0.000000	0.000000
283	0	0	-0.000000	-0.500000
284	0	0	0.000000	0.000000
285	0	0	-0.000000	-0.500000
286	0	0	0.000000	0.000000
287	0	0	-0.433013	0.250000
288	0	0	0.000000	0.000000
289	0	0	-0.433013	0.250000
290	0	0	0.000000	0.000000
291	0	0	0.433013	0.250000
292	0	0	0.000000	0.000000
293	0	0	0.433013	0.250000
294	0	0	0.000000	0.000000
295	0	0	0.433013	0.250000
296	0	0	0.000000	0.000000
297	0	1	0.433013	0.250000
298	0	0	0.000000	0.000000
299	0	0	-0.433013	0.250000
300	0	0	0.000000	0.000000
301	0	0	-0.000000	-0.500000
302	0	0	0.000000	0.000000
303	0	0	-0.000000	-0.500000
304	0	0	0.000000	0.000000
305	0	0	0.433013	0.250000
306	0	0	0.000000	0.000000
307	0	0	0.433013	0.250000
308	0	0	0.000000	0.000000
309	0	0	-0.433013	0.250000
310	0	0	0.000000	0.000000
311	0	0	-0.433013	0.250000
312	0	0	0.000000	0.000000
313	0	0	0.433013	0.250000
314	0	0	0.000000	0.000000
315	0	0	-0.433013	0.250000
316	0	0	0.000000	0.000000
317	0	0	-0.000000	-0.500000
318	0	0	0.000000	0.000000
319	0	0	0.433013	0.250000
320	0	0	0.000000	0.000000
321	0	0	0.433013	0.250000
322	0	0	0.000000	0.000000
323	0	0	-0.000000	-0.500000
324	0	0	0.000000	0.000000
325	0	1	-0.000000	-0.500000
326	0	0	0.000000	0.000000
327	0	0	0.433013	0.250000
328	0	0	0.000000	0.000000
329	0	0	-0.433013	0.250000
330	0	0	0.000000	0.000000
331	0	0	-0.433013	0.250000
332	0	0	0.000000	0.000000
333	0	1	-0.433013	0.250000
334	0	0	0.000000	0.000000
335	0	0	-0.000000	-0.500000
336	0	0	0.000000	0.000000
337	0	0	0.433013	0.250000
338	0	0	0.000000	0.000000
339	0	0	-0.000000	-0.500000
340	0	0	0.000000	0.000000
341	0	1	0.433013	0.250000
342	0	0	0.000000	0.000000
343	0	0	-0.000000	-0.500000
344	0	0	0.000000	0.000000
345	0	0	0.433013	0.250000
346	0	0	0.000000	0.000000
347	0	0	-0.000000	-0.500000
348	0	0	0.000000	0.000000
349	0	0	0.433013	0.250000
350	0	0	0.000000	0.000000
351	0	0	-0.433013	0.250000
352	0	0	0.000000	0.000000
353	0	0	-0.000000	-0.500000
354	0	0	0.000000	0.000000
355	0	0	-0.433013	0.250000
356	0	0	0.000000	0.000000
357	0	0	-0.000000	-0.500000
358	0	0	0.000000	0.000000
359	0	0	-0.433013	0.250000
360	0	0	0.000000	0.000000
361	0	0	-0.433013	0.250000
362	0	0	0.000000	0.000000
363	0	0	0.433013	0.250000
364	0	0	0.000000	0.000000
365	0	0	0.433013	0.250000
366	0	0	0.000000	0.000000
367	0	0	-0.433013	0.250000
368	0	0	0.000000	0.000000
369	0	0	-0.433013	0.250000
370	0	0	0.000000	0.000000
371	0	1	-0.000000	-0.500000
372	0	0	0.000000	0.000000
373	0	0	-0.000000	-0.500000
374	0	0	0.000000	0.000000
375	0	0	-0.433013	0.250000
376	0	0	0.000000	0.000000
377	0	0	-0.000000	-0.500000
378	0	0	0.000000	0.000000
379	0	0	-0.433013	0.250000
380	0	0	0.000000	0.000000
381	0	1	-0.433013	0.250000
382	0	0	0.000000	0.000000
383	0	0	-0.433013	0.250000
384	0	0	0.000000	0.000000
385	0	0	-0.433013	0.250000
386	0	0	0.000000	0.000000
387	0	0	0.433013	0.250000
388	0	0	0.000000	0.000000
389	0	1	-0.000000	-0.500000
390	0	0	0.000000	0.000000
391	0	0	0.433013	0.250000
392	0	0	0.000000	0.000000
393	0	0	-0.000000	-0.500000
394	0	0	0.000000	0.000000
395	0	0	-0.000000	-0.500000
396	0	0	0.000000	0.000000
397	0	0	-0.433013	0.250000
398	0	0	0.000000	0.000000
399	0	0	-0.000000	-0.500000
400	0	0	0.000000	0.000000
401	0	0	0.433013	0.250000
402	0	0	0.000000	0.000000
403	0	0	-0.433013	0.250000
404	0	0	0.000000	0.000000
405	0	0	-0.433013	0.250000
406	0	0	0.000000	0.000000
407	0	0	-0.433013	0.250000
408	0	0	0.000000	0.000000
409	0	1	-0.433013	0.250000
410	0	0	0.000000	0.000000
411	0	0	-0.000000	-0.500000
412	0	0	0.000000	0.000000
413	0	0	-0.433013	0.250000
414	0	0	0.000000	0.000000
415	0	0	0.433013	0.250000
416	0	0	0.000000	0.000000
417	0	0	-0.433013	0.250000
418	0	0	0.000000	0.000000
419	0	1	-0.000000	-0.500000
420	0	0	0.000000	0.000000
421	0	0	-0.000000	-0.500000
422	0	0	0.000000	0.000000
423	0	0	-0.433013	0.250000
424	0	0	0.000000	0.000000
425	0	0	0.433013	0.250000
426	0	0	0.000000	0.000000
427	0	0	-0.000000	-0.500000
428	0	0	0.000000	0.000000
429	0	1	-0.433013	0.250000
430	0	0	0.000000	0.000000
431	0	0	-0.433013	0.250000
432	0	0	0.000000	0.000000
433	0	0	-0.000000	-0.500000
434	0	0	0.000000	0.000000
435	0	0	-0.000000	-0.500000
436	0	0	0.000000	0.000000
437	0	0	-0.000000	-0.500000
438	0	0	0.000000	0.000000
439	0	0	-0.000000	-0.500000
440	0	0	0.000000	0.000000
441	0	0	-0.433013	0.250000
442	0	0	0.000000	0.000000
443	0	0	0.433013	0.250000
444	0	0	0.000000	0.000000
445	0	0	-0.433013	0.250000
446	0	0	0.000000	0.000000
447	0	1	-0.000000	-0.500000
448	0	0	0.000000	0.000000
449	0	0	-0.433013	0.250000
450	0	0	0.000000	0.000000
451	0	0	-0.433013	0.250000
452	0	0	0.000000	0.000000
453	0	0	-0.433013	0.250000
454	0	0	0.000000	0.000000
455	0	0	-0.000000	-0.500000
456	0	0	0.000000	0.000000
457	0	0	-0.433013	0.250000
458	0	0	0.000000	0.000000
459	0	0	0.433013	0.250000
460	0	0	0.000000	0.000000
461	0	0	-0.000000	-0.500000
462	0	0	0.000000	0.000000
463	0	1	0.433013	0.250000
464	0	0	0.000000	0.000000
465	0	0	0.433013	0.250000
466	0	0	0.000000	0.000000
467	0	0	0.433013	0.250000
468	0	0	0.000000	0.000000
469	0	0	-0.433013	0.250000
470	0	0	0.000000	0.000000
471	0	0	-0.433013	0.250000
472	0	0	0.000000	0.000000
473	0	0	-0.000000	-0.500000
474	0	0	0.000000	0.000000
475	4	1	-0.000000	-0.500000
476	4	1	0.000000	0.000000
477	4	1	-0.000000	-0.500000
478	4	1	0.000000	0.000000
479	4	1	-0.433013	0.250000
480	4	1	0.000000	0.000000
481	4	1	-0.000000	-0.500000
482	4	1	0.000000	0.000000
483	4	1	0.433013	0.250000
484	4	1	0.000000	0.000000
485	4	1	-0.433013	0.250000
486	4	1	0.000000	0.000000
487	4	1	-0.000000	-0.500000
488	4	1	0.000000	0.000000
489	4	1	-0.000000	-0.500000
490	4	1	0.000000	0.000000
491	4	1	-0.000000	-0.500000
492	4	1	0.000000	0.000000
493	4	1	0.433013	0.250000
494	4	1	0.000000	0.000000
495	4	1	-0.433013	0.250000
496	4	1	0.000000	0.000000
497	4	1	-0.433013	0.250000
498	4	1	0.000000	0.000000
499	4	1	0.433013	0.250000
500	4	1	0.000000	0.000000
501	4	1	-0.000000	-0.500000
502	4	1	0.000000	0.000000
503	4	1	0.433013	0.250000
504	4	1	0.000000	0.000000
505	4	1	-0.000000	-0.500000
506	4	1	0.000000	0.000000
507	4	1	0.433013	0.250000
508	4	1	0.000000	0.000000
509	4	1	-0.433013	0.250000
510	4	1	0.000000	0.000000
511	4	1	-0.433013	0.250000
512	4	1	0.000000	0.000000
513	4	1	-0.433013	0.250000
514	4	1	0.000000	0.000000
515	4	1	-0.433013	0.250000
516	4	1	0.000000	0.000000
517	4	1	-0.433013	0.250000
518	4	1	0.000000	0.000000
519	4	1	0.433013	0.250000
520	4	1	0.000000	0.000000
521	4	1	-0.433013	0.250000
522	4	1	0.000000	0.000000
523	4	1	-0.000000	-0.500000
524	4	1	0.000000	0.000000
525	4	1	-0.433013	0.250000
526	4	1	0.000000	0.000000
527	4	1	-0.000000	-0.500000
528	4	1	0.000000	0.000000
529	4	1	-0.433013	0.250000
530	4	1	0.000000	0.000000
531	4	1	-0.000000	-0.500000
532	4	1	0.000000	0.000000
533	4	1	-0.433013	0.250000
534	4	1	0.000000	0.000000
535	4	1	-0.433013	0.250000
536	4	1	0.000000	0.000000
537	4	1	0.433013	0.250000
538	4	1	0.000000	0.000000
539	4	1	-0.433013	0.250000
540	4	1	0.000000	0.000000
541	4	1	-0.000000	-0.500000
542	4	1	0.000000	0.000000
543	4	1	-0.000000	-0.500000
544	4	1	0.000000	0.000000
545	4	1	-0.000000	-0.500000
546	4	1	0.000000	0.000000
547	4	1	-0.000000	-0.500000
548	4	1	0.000000	0.000000
549	4	1	-0.000000	-0.500000
550	4	1	0.000000	0.000000
551	4	1	0.433013	0.250000
552	4	1	0.000000	0.000000
553	4	1	0.433013	0.250000
554	4	1	0.000000	0.000000
555	4	1	-0.433013	0.250000
556	4	1	0.000000	0.000000
557	4	1	-0.000000	-0.500000
558	4	1	0.000000	0.000000
559	4	1	-0.000000	-0.500000
560	4	1	0.000000	0.000000
561	4	1	-0.000000	-0.500000
562	4	1	0.000000	0.000000
563	4	1	-0.000000	-0.500000
564	4	1	0.000000	0.000000
565	4	1	0.433013	0.250000
566	4	1	0.000000	0.000000
567	4	1	-0.433013	0.250000
568	4	1	0.000000	0.000000
569	4	1	-0.000000	-0.500000
570	4	1	0.000000	0.000000
571	4	1	-0.433013	0.250000
572	4	1	0.000000	0.000000
573	4	1	0.433013	0.250000
574	4	1	0.000000	0.000000
575	4	1	-0.433013	0.250000
576	4	1	0.000000	0.000000
577	4	1	-0.000000	-0.500000
578	4	1	0.000000	0.000000
579	4	1	-0.000000	-0.500000
580	4	1	0.000000	0.000000
581	4	1	-0.433013	0.250000
582	4	1	0.000000	0.000000
583	4	1	-0.433013	0.250000
584	4	1	0.000000	0.000000
585	4	1	-0.433013	0.250000
586	4	1	0.000000	0.000000
587	4	1	-0.000000	-0.500000
588	4	1	0.000000	0.000000
589	4	1	-0.000000	-0.500000
590	4	1	0.000000	0.000000
591	4	1	0.433013	0.250000
592	4	1	0.000000	0.000000
593	4	1	-0.000000	-0.500000
594	4	1	0.000000	0.000000
595	4	1	-0.000000	-0.500000
596	4	1	0.000000	0.000000
597	4	1	0.433013	0.250000
598	4	1	0.000000	0.000000
599	4	1	0.433013	0.250000
600	4	1	0.000000	0.000000
601	4	1	-0.433013	0.250000
602	4	1	0.000000	0.000000
603	4	1	-0.433013	0.250000
604	4	1	0.000000	0.000000
605	4	1	-0.000000	-0.500000
606	4	1	0.000000	0.000000
607	4	1	-0.000000	-0.500000
608	4	1	0.000000	0.000000
609	4	1	0.433013	0.250000
610	4	1	0.000000	0.000000
611	4	1	0.433013	0.250000
612	4	1	0.000000	0.000000
613	4	1	-0.433013	0.250000
614	4	1	0.000000	0.000000
615	4	1	-0.000000	-0.500000
616	4	1	0.000000	0.000000
617	4	1	0.433013	0.250000
618	4	1	0.000000	0.000000
619	4	1	-0.433013	0.250000
620	4	1	0.000000	0.000000
621	4	1	-0.000000	-0.500000
622	4	1	0.000000	0.000000
623	4	1	-0.433013	0.250000
624	4	1	0.000000	0.000000
625	4	1	-0.000000	-0.500000
626	4	1	0.000000	0.000000
627	4	1	-0.433013	0.250000
628	4	1	0.000000	0.000000
629	4	1	-0.000000	-0.500000
630	4	1	0.000000	0.000000
631	4	1	0.433013	0.250000
632	4	1	0.000000	0.000000
633	4	1	0.433013	0.250000
634	4	1	0.000000	0.000000
635	4	1	-0.433013	0.250000
636	4	1	0.000000	0.000000
637	4	1	0.433013	0.250000
638	4	1	0.000000	0.000000
639	4	1	0.433013	0.250000
640	4	1	0.000000	0.000000
641	4	1	-0.000000	-0.500000
642	4	1	0.000000	0.000000
643	4	1	-0.433013	0.250000
644	4	1	0.000000	0.000000
645	4	1	0.433013	0.250000
646	4	1	0.000000	0.000000
647	4	1	-0.000000	-0.500000
648	4	1	0.000000	0.000000
649	4	1	-0.433013	0.250000
650	4	1	0.000000	0.000000
651	4	1	-0.000000	-0.500000
652	4	1	0.000000	0.000000
653	4	1	-0.433013	0.250000
654	4	1	0.000000	0.000000
655	4	1	-0.433013	0.250000
656	4	1	0.000000	0.000000
657	4	1	0.433013	0.250000
658	4	1	0.000000	0.000000
659	4	1	0.433013	0.250000
660	4	1	0.000000	0.000000
661	4	1	0.433013	0.250000
662	4	1	0.000000	0.000000
663	4	1	-0.000000	-0.500000
664	4	1	0.000000	0.000000
665	4	1	0.433013	0.250000
666	4	1	0.000000	0.000000
667	4	1	-0.000000	-0.500000
668	4	1	0.000000	0.000000
669	4	1	0.433013	0.250000
670	4	1	0.000000	0.000000
671	4	1	0.433013	0.250000
672	4	1	0.000000	0.000000
673	4	1	-0.433013	0.250000
674	4	1	0.000000	0.000000
675	4	1	-0.433013	0.250000
676	4	1	0.000000	0.000000
677	4	1	0.433013	0.250000
678	4	1	0.000000	0.000000
679	4	1	-0.433013	0.250000
680	4	1	0.000000	0.000000
681	4	1	0.433013	0.250000
682	4	1	0.000000	0.000000
683	4	1	-0.433013	0.250000
684	4	1	0.000000	0.000000
685	4	1	-0.433013	0.250000
686	4	1	0.000000	0.000000
687	4	1	-0.000000	-0.500000
688	4	1	0.000000	0.000000
689	4	1	0.433013	0.250000
690	4	1	0.000000	0.000000
691	4	1	-0.000000	-0.500000
692	4	1	0.000000	0.000000
693	4	1	-0.433013	0.250000
694	4	1	0.000000	0.000000
695	4	1	-0.000000	-0.500000
696	4	1	0.000000	0.000000
697	4	1	-0.000000	-0.500000
698	4	1	0.000000	0.000000
699	4	1	-0.000000	-0.500000
700	4	1	0.000000	0.000000
701	4	1	0.433013	0.250000
702	4	1	0.000000	0.000000
703	4	1	-0.433013	0.250000
704	4	1	0.000000	0.000000
705	4	1	0.433013	0.250000
706	4	1	0.000000	0.000000
707	4	1	-0.433013	0.250000
708	4	1	0.000000	0.000000
709	4	1	0.433013	0.250000
710	4	1	0.000000	0.000000
711	4	1	0.433013	0.250000
712	4	1	0.000000	0.000000
713	4	1	-0.433013	0.250000
714	4	1	0.000000	0.000000
715	4	1	-0.433013	0.250000
716	4	1	0.000000	0.000000
717	4	1	-0.433013	0.250000
718	4	1	0.000000	0.000000
719	4	1	-0.433013	0.250000
720	4	1	0.000000	0.000000
721	4	1	0.433013	0.250000
722	4	1	0.000000	0.000000
723	4	1	-0.000000	-0.500000
724	4	1	0.000000	0.000000
725	4	1	0.433013	0.250000
726	4	1	0.000000	0.000000
727	4	1	-0.000000	-0.500000
728	4	1	0.000000	0.000000
729	4	1	-0.433013	0.250000
730	4	1	0.000000	0.000000
731	4	1	-0.000000	-0.500000
732	4	1	0.000000	0.000000
733	4	1	0.433013	0.250000
734	4	1	0.000000	0.000000
735	4	1	0.433013	0.250000
736	4	1	0.000000	0.000000
737	4	1	-0.433013	0.250000
738	4	1	0.000000	0.000000
739	4	1	0.433013	0.250000
740	4	1	0.000000	0.000000
741	4	1	-0.000000	-0.500000
742	4	1	0.000000	0.000000
743	4	1	-0.433013	0.250000
744	4	1	0.000000	0.000000
745	4	1	-0.433013	0.250000
746	4	1	0.000000	0.000000
747	4	1	0.433013	0.250000
748	4	1	0.000000	0.000000
749	4	1	-0.433013	0.250000
750	4	1	0.000000	0.000000
751	4	1	-0.000000	-0.500000
752	4	1	0.000000	0.000000
753	4	1	-0.433013	0.250000
754	4	1	0.000000	0.000000
755	4	1	0.433013	0.250000
756	4	1	0.000000	0.000000
757	4	1	0.433013	0.250000
758	4	1	0.000000	0.000000
759	4	1	0.433013	0.250000
760	4	1	0.000000	0.000000
761	4	1	0.433013	0.250000
762	4	1	0.000000	0.000000
763	4	1	-0.000000	-0.500000
764	4	1	0.000000	0.000000
765	4	1	-0.000000	-0.500000
766	4	1	0.000000	0.000000
767	4	1	-0.000000	-0.500000
768	4	1	0.000000	0.000000
769	4	1	0.433013	0.250000
770	4	1	0.000000	0.000000
771	4	1	0.433013	0.250000
772	4	1	0.000000	0.000000
773	4	1	0.433013	0.250000
774	4	1	0.000000	0.000000
775	4	1	-0.000000	-0.500000
776	4	1	0.000000	0.000000
777	4	1	-0.433013	0.250000
778	4	1	0.000000	0.000000
779	4	1	-0.433013	0.250000
780	4	1	0.000000	0.000000
781	4	1	-0.000000	-0.500000
782	4	1	0.000000	0.000000
783	4	1	0.433013	0.250000
784	4	1	0.000000	0.000000
785	4	1	0.433013	0.250000
786	4	1	0.000000	0.000000
787	4	1	-0.000000	-0.500000
788	4	1	0.000000	0.000000
789	4	1	0.433013	0.250000
790	4	1	0.000000	0.000000
791	4	1	0.433013	0.250000
792	4	1	0.000000	0.000000
793	4	1	0.433013	0.250000
794	4	1	0.000000	0.000000
795	4	1	-0.433013	0.250000
796	4	1	0.000000	0.000000
797	4	1	-0.433013	0.250000
798	4	1	0.000000	0.000000
799	4	1	0.433013	0.250000
800	4	1	0.000000	0.000000
801	4	1	0.433013	0.250000
802	4	1	0.000000	0.000000
803	4	1	-0.433013	0.250000
804	4	1	0.000000	0.000000
805	4	1	-0.433013	0.250000
806	4	1	0.000000	0.000000
807	4	1	-0.000000	-0.500000
808	4	1	0.000000	0.000000
809	4	1	-0.000000	-0.500000
810	4	1	0.000000	0.000000
811	4	1	0.433013	0.250000
812	4	1	0.000000	0.000000
813	4	1	-0.433013	0.250000
814	4	1	0.000000	0.000000
815	4	1	-0.433013	0.250000
816	4	1	0.000000	0.000000
817	4	1	0.433013	0.250000
818	4	1	0.000000	0.000000
819	4	1	0.433013	0.250000
820	4	1	0.000000	0.000000
821	4	1	-0.000000	-0.500000
822	4	1	0.000000	0.000000
823	4	1	0.433013	0.250000
824	4	1	0.000000	0.000000
825	4	1	-0.000000	-0.500000
826	4	1	0.000000	0.000000
827	4	1	-0.000000	-0.500000
828	4	1	0.000000	0.000000
829	4	1	-0.433013	0.250000
830	4	1	0.000000	0.000000
831	4	1	-0.000000	-0.500000
832	4	1	0.000000	0.000000
833	4	1	-0.000000	-0.500000
834	4	1	0.000000	0.000000
835	4	1	-0.433013	0.250000
836	4	1	0.000000	0.000000
837	4	1	0.433013	0.250000
838	4	1	0.000000	0.000000
839	4	1	-0.433013	0.250000
840	4	1	0.000000	0.000000
841	4	1	-0.000000	-0.500000
842	4	1	0.000000	0.000000
843	4	1	-0.433013	0.250000
844	4	1	0.000000	0.000000
845	4	1	0.433013	0.250000
846	4	1	0.000000	0.000000
847	4	1	-0.000000	-0.500000
848	4	1	0.000000	0.000000
849	4	1	-0.000000	-0.500000
850	4	1	0.000000	0.000000
851	4	1	0.433013	0.250000
852	4	1	0.000000	0.000000
853	4	1	0.433013	0.250000
854	4	1	0.000000	0.000000
855	4	1	-0.433013	0.250000
856	4	1	0.000000	0.000000
857	4	1	0.433013	0.250000
858	4	1	0.000000	0.000000
859	0	1	-0.433013	0.250000
860	0	1	0.000000	0.000000
861	0	1	0.433013	0.250000
862	0	1	0.000000	0.000000
863	0	1	-0.433013	0.250000
864	0	1	0.000000	0.000000
865	0	1	-0.433013	0.250000
866	0	1	0.000000	0.000000
867	0	1	0.433013	0.250000
868	0	1	0.000000	0.000000
869	0	1	0.433013	0.250000
870	0	1	0.000000	0.000000
871	0	1	0.433013	0.250000
872	0	1	0.000000	0.000000
873	0	1	-0.000000	-0.500000
874	0	1	0.000000	0.000000
875	0	1	-0.433013	0.250000
876	0	1	0.000000	0.000000
877	0	1	-0.433013	0.250000
878	0	1	0.000000	0.000000
879	0	1	-0.000000	-0.500000
880	0	1	0.000000	0.000000
881	0	1	-0.000000	-0.500000
882	0	1	0.000000	0.000000
883	0	1	-0.433013	0.250000
884	0	1	0.000000	0.000000
885	0	1	-0.000000	-0.500000
886	0	1	0.000000	0.000000
887	0	1	-0.433013	0.250000
888	0	1	0.000000	0.000000
889	0	1	-0.000000	-0.500000
890	0	1	0.000000	0.000000
891	0	1	-0.433013	0.250000
892	0	1	0.000000	0.000000
893	0	1	0.433013	0.250000
894	0	1	0.000000	0.000000
895	0	1	-0.000000	-0.500000
896	0	1	0.000000	0.000000
897	0	1	-0.000000	-0.500000
898	0	1	0.000000	0.000000
899	0	1	-0.000000	-0.500000
900	0	1	0.000000	0.000000
901	0	1	0.433013	0.250000
902	0	1	0.000000	0.000000
903	0	1	0.433013	0.250000
904	0	1	0.000000	0.000000
905	0	1	0.433013	0.250000
906	0	1	0.000000	0.000000
907	0	0	-0.000000	-0.500000
908	0	0	0.000000	0.000000
909	0	0	0.433013	0.250000
910	0	0	0.000000	0.000000
911	0	0	0.433013	0.250000
912	0	0	0.000000	0.000000
913	0	0	0.433013	0.250000
914	0	0	0.000000	0.000000
915	0	0	-0.433013	0.250000
916	0	0	0.000000	0.000000
917	0	0	-0.433013	0.250000
918	0	0	0.000000	0.000000
919	0	0	-0.000000	-0.500000
920	0	0	0.000000	0.000000
921	0	0	0.433013	0.250000
922	0	0	0.000000	0.000000
923	0	0	-0.433013	0.250000
924	0	0	0.000000	0.000000
925	0	0	0.433013	0.250000
926	0	0	0.000000	0.000000
927	0	0	-0.000000	-0.500000
928	0	0	0.000000	0.000000
929	0	0	-0.433013	0.250000
930	0	0	0.000000	0.000000
931	0	0	-0.433013	0.250000
932	0	0	0.000000	0.000000
933	0	0	-0.000000	-0.500000
934	0	0	0.000000	0.000000
935	0	0	-0.000000	-0.500000
936	0	0	0.000000	0.000000
