1	0	0	-0.866025	0.500000
2	0	0	0.000000	0.000000
3	0	0	0.433013	0.250000
4	0	0	0.000000	0.000000
5	0	0	-0.866025	0.500000
6	0	0	0.000000	0.000000
7	0	0	-0.000000	-1.000000
8	0	0	0.000000	0.000000
9	0	0	-0.000000	-1.000000
10	0	0	0.000000	0.000000
11	0	0	-0.866025	0.500000
12	0	0	0.000000	0.000000
13	0	0	0.866025	0.500000
14	0	0	0.000000	0.000000
15	0	0	-0.000000	-0.500000
16	0	0	0.000000	0.000000
17	0	0	-0.000000	-1.000000
18	0	0	0.000000	0.000000
19	0	0	-0.433013	0.250000
20	0	0	0.000000	0.000000
21	0	0	0.866025	0.500000
22	0	0	0.000000	0.000000
23	0	0	-0.000000	-1.000000
24	0	0	0.000000	0.000000
25	0	0	-0.866025	0.500000
26	0	0	0.000000	0.000000
27	0	0	-0.000000	-1.000000
28	0	0	0.000000	0.000000
29	0	0	-0.000000	-1.000000
30	0	0	0.000000	0.000000
31	0	0	-0.000000	-1.000000
32	0	0	0.000000	0.000000
33	0	0	-0.000000	-0.500000
34	0	0	0.000000	0.000000
35	0	0	-0.000000	-1.000000
36	0	0	0.000000	0.000000
37	0	0	-0.433013	0.250000
38	0	0	0.000000	0.000000
39	0	0	-0.433013	0.250000
40	0	0	0.000000	0.000000
41	0	0	-0.433013	0.250000
42	0	0	0.000000	0.000000
43	0	0	0.433013	0.250000
44	0	0	0.000000	0.000000
45	0	0	0.433013	0.250000
46	0	0	0.000000	0.000000
47	0	0	0.433013	0.250000
48	0	0	0.000000	0.000000
49	0	0	0.866025	0.500000
50	0	0	0.000000	0.000000
51	0	0	-0.433013	0.250000
52	0	0	0.000000	0.000000
53	0	0	-0.866025	0.500000
54	0	0	0.000000	0.000000
55	0	0	-0.000000	-0.500000
56	0	0	0.000000	0.000000
57	0	0	-0.000000	-0.500000
58	0	0	0.000000	0.000000
59	0	0	-0.000000	-0.500000
60	0	0	0.000000	0.000000
61	0	0	0.866025	0.500000
62	0	0	0.000000	0.000000
63	0	0	-0.000000	-0.500000
64	0	0	0.000000	0.000000
65	0	0	0.433013	0.250000
66	0	0	0.000000	0.000000
67	0	0	-0.433013	0.250000
68	0	0	0.000000	0.000000
69	0	0	-0.000000	-0.500000
70	0	0	0.000000	0.000000
71	0	0	0.866025	0.500000
72	0	0	0.000000	0.000000
73	0	0	0.866025	0.500000
74	0	0	0.000000	0.000000
75	0	0	0.433013	0.250000
76	0	0	0.000000	0.000000
77	0	0	-0.866025	0.500000
78	0	0	0.000000	0.000000
79	0	0	-0.866025	0.500000
80	0	0	0.000000	0.000000
81	0	0	0.866025	0.500000
82	0	0	0.000000	0.000000
83	0	0	-0.433013	0.250000
84	0	0	0.000000	0.000000
85	0	0	0.433013	0.250000
86	0	0	0.000000	0.000000
87	0	0	0.866025	0.500000
88	0	0	0.000000	0.000000
89	0	0	-0.866025	0.500000
90	0	0	0.000000	0.000000
91	0	0	-0.000000	-0.500000
92	0	0	0.000000	0.000000
93	0	0	0.433013	0.250000
94	0	0	0.000000	0.000000
95	0	0	-0.433013	0.250000
96	0	0	0.000000	0.000000
97	0	0	-0.000000	-0.500000
98	0	0	0.000000	0.000000
99	0	0	-0.433013	0.250000
100	0	0	0.000000	0.000000
101	0	0	-0.433013	0.250000
102	0	0	0.000000	0.000000
103	0	0	-0.866025	0.500000
104	0	0	0.000000	0.000000
105	0	0	-0.000000	-0.500000
106	0	0	0.000000	0.000000
107	0	0	0.866025	0.500000
108	0	0	0.000000	0.000000
109	0	0	-0.000000	-0.500000
110	0	0	0.000000	0.000000
111	0	0	-0.866025	0.500000
112	0	0	0.000000	0.000000
113	0	0	-0.000000	-0.500000
114	0	0	0.000000	0.000000
115	0	0	0.866025	0.500000
116	0	0	0.000000	0.000000
117	0	0	0.433013	0.250000
118	0	0	0.000000	0.000000
119	0	1	0.866025	0.500000
120	0	0	0.000000	0.000000
121	0	0	-0.866025	0.500000
122	0	0	0.000000	0.000000
123	0	0	-0.000000	-1.000000
124	0	0	0.000000	0.000000
125	0	0	-0.000000	-1.000000
126	0	0	0.000000	0.000000
127	0	0	-0.433013	0.250000
128	0	0	0.000000	0.000000
129	0	0	-0.866025	0.500000
130	0	0	0.000000	0.000000
131	0	0	-0.433013	0.250000
132	0	0	0.000000	0.000000
133	0	1	-0.000000	-1.000000
134	0	0	0.000000	0.000000
135	0	0	-0.433013	0.250000
136	0	0	0.000000	0.000000
137	0	0	0.866025	0.500000
138	0	0	0.000000	0.000000
139	0	0	0.433013	0.250000
140	0	0	0.000000	0.000000
141	0	0	-0.433013	0.250000
142	0	0	0.000000	0.000000
143	0	0	-0.000000	-1.000000
144	0	0	0.000000	0.000000
145	0	0	-0.866025	0.500000
146	0	0	0.000000	0.000000
147	0	0	-0.000000	-1.000000
148	0	0	0.000000	0.000000
149	0	1	-0.000000	-1.000000
150	0	0	0.000000	0.000000
151	0	0	-0.433013	0.250000
152	0	0	0.000000	0.000000
153	0	0	-0.000000	-1.000000
154	0	0	0.000000	0.000000
155	0	0	-0.433013	0.250000
156	0	0	0.000000	0.000000
157	0	0	0.866025	0.500000
158	0	0	0.000000	0.000000
159	0	1	0.866025	0.500000
160	0	0	0.000000	0.000000
161	0	0	-0.000000	-0.500000
162	0	0	0.000000	0.000000
163	0	0	-0.433013	0.250000
164	0	0	0.000000	0.000000
165	0	0	-0.866025	0.500000
166	0	0	0.000000	0.000000
167	0	0	-0.433013	0.250000
168	0	0	0.000000	0.000000
169	0	0	-0.000000	-1.000000
170	0	0	0.000000	0.000000
171	0	1	0.433013	0.250000
172	0	0	0.000000	0.000000
173	0	0	-0.000000	-0.500000
174	0	0	0.000000	0.000000
175	0	0	-0.866025	0.500000
176	0	0	0.000000	0.000000
177	0	0	0.866025	0.500000
178	0	0	0.000000	0.000000
179	0	0	-0.433013	0.250000
180	0	0	0.000000	0.000000
181	0	1	-0.433013	0.250000
182	0	0	0.000000	0.000000
183	0	0	-0.866025	0.500000
184	0	0	0.000000	0.000000
185	0	0	-0.000000	-0.500000
186	0	0	0.000000	0.000000
187	0	0	-0.000000	-0.500000
188	0	0	0.000000	0.000000
189	0	0	-0.866025	0.500000
190	0	0	0.000000	0.000000
191	0	0	-0.000000	-1.000000
192	0	0	0.000000	0.000000
193	0	0	0.866025	0.500000
194	0	0	0.000000	0.000000
195	0	0	-0.000000	-1.000000
196	0	0	0.000000	0.000000
197	0	0	-0.866025	0.500000
198	0	0	0.000000	0.000000
199	0	0	-0.000000	-1.000000
200	0	0	0.000000	0.000000
201	0	0	0.433013	0.250000
202	0	0	0.000000	0.000000
203	0	0	-0.433013	0.250000
204	0	0	0.000000	0.000000
205	0	0	-0.866025	0.500000
206	0	0	0.000000	0.000000
207	0	0	-0.000000	-1.000000
208	0	0	0.000000	0.000000
209	0	1	-0.866025	0.500000
210	0	0	0.000000	0.000000
211	0	0	-0.433013	0.250000
212	0	0	0.000000	0.000000
213	0	0	-0.000000	-0.500000
214	0	0	0.000000	0.000000
215	0	0	0.866025	0.500000
216	0	0	0.000000	0.000000
217	0	0	0.866025	0.500000
218	0	0	0.000000	0.000000
219	0	0	-0.866025	0.500000
220	0	0	0.000000	0.000000
221	0	0	0.866025	0.500000
222	0	0	0.000000	0.000000
223	0	0	-0.866025	0.500000
224	0	0	0.000000	0.000000
225	0	1	-0.433013	0.250000
226	0	0	0.000000	0.000000
227	0	0	-0.866025	0.500000
228	0	0	0.000000	0.000000
229	0	0	0.433013	0.250000
230	0	0	0.000000	0.000000
231	0	0	0.866025	0.500000
232	0	0	0.000000	0.000000
233	0	0	0.433013	0.250000
234	0	0	0.000000	0.000000
235	0	0	0.433013	0.250000
236	0	0	0.000000	0.000000
237	0	0	-0.000000	-1.000000
238	0	0	0.000000	0.000000
239	0	0	0.433013	0.250000
240	0	0	0.000000	0.000000
241	0	0	-0.000000	-0.500000
242	0	0	0.000000	0.000000
243	0	1	-0.000000	-1.000000
244	0	0	0.000000	0.000000
245	0	0	0.866025	0.500000
246	0	0	0.000000	0.000000
247	0	0	-0.000000	-0.500000
248	0	0	0.000000	0.000000
249	0	0	-0.000000	-1.000000
250	0	0	0.000000	0.000000
251	0	0	-0.000000	-1.000000
252	0	0	0.000000	0.000000
253	0	0	0.866025	0.500000
254	0	0	0.000000	0.000000
255	0	0	-0.433013	0.250000
256	0	0	0.000000	0.000000
257	0	0	0.433013	0.250000
258	0	0	0.000000	0.000000
259	0	0	-0.000000	-0.500000
260	0	0	0.000000	0.000000
261	0	0	0.433013	0.250000
262	0	0	0.000000	0.000000
263	0	0	0.433013	0.250000
264	0	0	0.000000	0.000000
265	0	1	0.433013	0.250000
266	0	0	0.000000	0.000000
267	0	0	-0.866025	0.500000
268	0	0	0.000000	0.000000
269	0	0	-0.433013	0.250000
270	0	0	0.000000	0.000000
271	0	0	0.866025	0.500000
272	0	0	0.000000	0.000000
273	0	0	0.866025	0.500000
274	0	0	0.000000	0.000000
275	0	0	-0.000000	-1.000000
276	0	0	0.000000	0.000000
277	0	0	0.433013	0.250000
278	0	0	0.000000	0.000000
279	0	0	-0.433013	0.250000
280	0	0	0.000000	0.000000
281	0	0	-0.866025	0.500000
282	0	0	0.000000	0.000000
283	0	0	0.866025	0.500000
284	0	0	0.000000	0.000000
285	0	0	-0.866025	0.500000
286	0	0	0.000000	0.000000
287	0	0	-0.433013	0.250000
288	0	0	0.000000	0.000000
289	0	0	0.433013	0.250000
290	0	0	0.000000	0.000000
291	0	0	-0.433013	0.250000
292	0	0	0.000000	0.000000
293	0	1	0.433013	0.250000
294	0	0	0.000000	0.000000
295	0	0	0.866025	0.500000
296	0	0	0.000000	0.000000
297	0	0	0.866025	0.500000
298	0	0	0.000000	0.000000
299	0	0	0.433013	0.250000
300	0	0	0.000000	0.000000
301	0	0	0.433013	0.250000
302	0	0	0.000000	0.000000
303	0	0	-0.000000	-0.500000
304	0	0	0.000000	0.000000
305	0	0	0.433013	0.250000
306	0	0	0.000000	0.000000
307	0	0	-0.000000	-1.000000
308	0	0	0.000000	0.000000
309	0	0	0.866025	0.500000
310	0	0	0.000000	0.000000
311	0	1	0.866025	0.500000
312	0	0	0.000000	0.000000
313	0	0	-0.000000	-1.000000
314	0	0	0.000000	0.000000
315	0	0	0.433013	0.250000
316	0	0	0.000000	0.000000
317	0	0	0.433013	0.250000
318	0	0	0.000000	0.000000
319	0	0	0.433013	0.250000
320	0	0	0.000000	0.000000
321	0	0	-0.866025	0.500000
322	0	0	0.000000	0.000000
323	0	0	-0.000000	-1.000000
324	0	0	0.000000	0.000000
325	0	1	-0.000000	-1.000000
326	0	0	0.000000	0.000000
327	0	0	-0.000000	-1.000000
328	0	0	0.000000	0.000000
329	0	0	-0.433013	0.250000
330	0	0	0.000000	0.000000
331	0	0	-0.000000	-1.000000
332	0	0	0.000000	0.000000
333	0	0	0.433013	0.250000
334	0	0	0.000000	0.000000
335	0	0	-0.433013	0.250000
336	0	0	0.000000	0.000000
337	0	0	-0.000000	-1.000000
338	0	0	0.000000	0.000000
339	0	0	-0.866025	0.500000
340	0	0	0.000000	0.000000
341	0	1	0.866025	0.500000
342	0	0	0.000000	0.000000
343	0	0	-0.866025	0.500000
344	0	0	0.000000	0.000000
345	0	0	-0.866025	0.500000
346	0	0	0.000000	0.000000
347	0	0	-0.866025	0.500000
348	0	0	0.000000	0.000000
349	0	0	0.433013	0.250000
350	0	0	0.000000	0.000000
351	0	0	-0.000000	-0.500000
352	0	0	0.000000	0.000000
353	0	0	0.433013	0.250000
354	0	0	0.000000	0.000000
355	0	0	-0.000000	-0.500000
356	0	0	0.000000	0.000000
357	0	0	0.433013	0.250000
358	0	0	0.000000	0.000000
359	0	0	0.866025	0.500000
360	0	0	0.000000	0.000000
361	0	1	-0.866025	0.500000
362	0	0	0.000000	0.000000
363	0	0	-0.000000	-0.500000
364	0	0	0.000000	0.000000
365	0	0	-0.000000	-0.500000
366	0	0	0.000000	0.000000
367	0	0	-0.000000	-0.500000
368	0	0	0.000000	0.000000
369	0	0	-0.433013	0.250000
370	0	0	0.000000	0.000000
371	0	1	-0.433013	0.250000
372	0	0	0.000000	0.000000
373	0	0	0.433013	0.250000
374	0	0	0.000000	0.000000
375	0	0	0.866025	0.500000
376	0	0	0.000000	0.000000
377	0	0	-0.000000	-0.500000
378	0	0	0.000000	0.000000
379	0	0	-0.866025	0.500000
380	0	0	0.000000	0.000000
381	0	0	-0.000000	-1.000000
382	0	0	0.000000	0.000000
383	0	0	-0.000000	-0.500000
384	0	0	0.000000	0.000000
385	0	0	-0.000000	-0.500000
386	0	0	0.000000	0.000000
387	0	0	0.866025	0.500000
388	0	0	0.000000	0.000000
389	0	0	-0.433013	0.250000
390	0	0	0.000000	0.000000
391	0	1	-0.866025	0.500000
392	0	0	0.000000	0.000000
393	0	0	-0.000000	-0.500000
394	0	0	0.000000	0.000000
395	0	0	0.433013	0.250000
396	0	0	0.000000	0.000000
397	0	0	-0.000000	-1.000000
398	0	0	0.000000	0.000000
399	0	0	-0.433013	0.250000
400	0	0	0.000000	0.000000
401	0	0	-0.000000	-1.000000
402	0	0	0.000000	0.000000
403	0	0	-0.000000	-1.000000
404	0	0	0.000000	0.000000
405	0	0	-0.866025	0.500000
406	0	0	0.000000	0.000000
407	0	1	-0.000000	-0.500000
408	0	0	0.000000	0.000000
409	0	0	-0.000000	-0.500000
410	0	0	0.000000	0.000000
411	0	0	0.433013	0.250000
412	0	0	0.000000	0.000000
413	0	0	0.866025	0.500000
414	0	0	0.000000	0.000000
415	0	0	0.433013	0.250000
416	0	0	0.000000	0.000000
417	0	0	-0.000000	-0.500000
418	0	0	0.000000	0.000000
419	0	0	-0.000000	-0.500000
420	0	0	0.000000	0.000000
421	0	0	-0.000000	-1.000000
422	0	0	0.000000	0.000000
423	0	0	-0.866025	0.500000
424	0	0	0.000000	0.000000
425	0	0	-0.000000	-1.000000
426	0	0	0.000000	0.000000
427	0	0	-0.000000	-1.000000
428	0	0	0.000000	0.000000
429	0	1	0.433013	0.250000
430	0	0	0.000000	0.000000
431	0	0	-0.866025	0.500000
432	0	0	0.000000	0.000000
433	0	0	-0.866025	0.500000
434	0	0	0.000000	0.000000
435	0	0	-0.000000	-0.500000
436	0	0	0.000000	0.000000
437	0	0	0.866025	0.500000
438	0	0	0.000000	0.000000
439	0	0	0.866025	0.500000
440	0	0	0.000000	0.000000
441	0	0	-0.000000	-0.500000
442	0	0	0.000000	0.000000
443	0	0	0.866025	0.500000
444	0	0	0.000000	0.000000
445	0	0	0.866025	0.500000
446	0	0	0.000000	0.000000
447	0	1	0.433013	0.250000
448	0	0	0.000000	0.000000
449	0	0	0.866025	0.500000
450	0	0	0.000000	0.000000
451	0	0	-0.866025	0.500000
452	0	0	0.000000	0.000000
453	0	0	-0.433013	0.250000
454	0	0	0.000000	0.000000
455	0	0	-0.000000	-1.000000
456	0	0	0.000000	0.000000
457	0	0	-0.000000	-1.000000
458	0	0	0.000000	0.000000
459	0	0	-0.000000	-0.500000
460	0	0	0.000000	0.000000
461	0	0	-0.000000	-0.500000
462	0	0	0.000000	0.000000
463	0	0	-0.433013	0.250000
464	0	0	0.000000	0.000000
465	0	1	-0.433013	0.250000
466	0	0	0.000000	0.000000
467	0	0	-0.433013	0.250000
468	0	0	0.000000	0.000000
469	0	0	0.433013	0.250000
470	0	0	0.000000	0.000000
471	0	0	-0.433013	0.250000
472	0	0	0.000000	0.000000
473	0	0	0.433013	0.250000
474	0	0	0.000000	0.000000
475	0	0	-0.000000	-0.500000
476	0	0	0.000000	0.000000
477	0	1	-0.433013	0.250000
478	0	0	0.000000	0.000000
479	0	0	0.866025	0.500000
480	0	0	0.000000	0.000000
481	0	0	-0.000000	-1.000000
482	0	0	0.000000	0.000000
483	0	0	-0.866025	0.500000
484	0	0	0.000000	0.000000
485	0	0	0.866025	0.500000
486	0	0	0.000000	0.000000
487	0	0	-0.866025	0.500000
488	0	0	0.000000	0.000000
489	0	0	0.433013	0.250000
490	0	0	0.000000	0.000000
491	0	0	-0.000000	-0.500000
492	0	0	0.000000	0.000000
493	0	0	0.866025	0.500000
494	0	0	0.000000	0.000000
495	0	1	-0.000000	-1.000000
496	0	0	0.000000	0.000000
497	0	0	0.866025	0.500000
498	0	0	0.000000	0.000000
499	0	0	0.433013	0.250000
500	0	0	0.000000	0.000000
501	0	0	-0.000000	-1.000000
502	0	0	0.000000	0.000000
503	0	0	-0.433013	0.250000
504	0	0	0.000000	0.000000
505	0	0	0.433013	0.250000
506	0	0	0.000000	0.000000
507	0	0	-0.433013	0.250000
508	0	0	0.000000	0.000000
509	0	1	-0.433013	0.250000
510	0	0	0.000000	0.000000
511	0	0	-0.000000	-1.000000
512	0	0	0.000000	0.000000
513	0	0	0.433013	0.250000
514	0	0	0.000000	0.000000
515	0	0	-0.000000	-0.500000
516	0	0	0.000000	0.000000
517	0	0	-0.000000	-1.000000
518	0	0	0.000000	0.000000
519	0	0	-0.866025	0.500000
520	0	0	0.000000	0.000000
521	0	1	-0.000000	-1.000000
522	0	0	0.000000	0.000000
523	0	0	-0.866025	0.500000
524	0	0	0.000000	0.000000
525	0	0	-0.000000	-0.500000
526	0	0	0.000000	0.000000
527	0	0	0.866025	0.500000
528	0	0	0.000000	0.000000
529	0	0	-0.000000	-1.000000
530	0	0	0.000000	0.000000
531	0	0	0.433013	0.250000
532	0	0	0.000000	0.000000
533	0	0	-0.433013	0.250000
534	0	0	0.000000	0.000000
535	0	0	0.433013	0.250000
536	0	0	0.000000	0.000000
537	0	0	-0.866025	0.500000
538	0	0	0.000000	0.000000
539	0	0	0.866025	0.500000
540	0	0	0.000000	0.000000
541	0	0	-0.000000	-0.500000
542	0	0	0.000000	0.000000
543	0	0	-0.433013	0.250000
544	0	0	0.000000	0.000000
545	0	1	-0.000000	-0.500000
546	0	0	0.000000	0.000000
547	0	0	0.866025	0.500000
548	0	0	0.000000	0.000000
549	0	0	-0.866025	0.500000
550	0	0	0.000000	0.000000
551	0	0	-0.866025	0.500000
552	0	0	0.000000	0.000000
553	0	1	0.433013	0.250000
554	0	0	0.000000	0.000000
555	0	0	-0.433013	0.250000
556	0	0	0.000000	0.000000
557	0	0	0.866025	0.500000
558	0	0	0.000000	0.000000
559	0	0	-0.866025	0.500000
560	0	0	0.000000	0.000000
561	0	0	-0.000000	-1.000000
562	0	0	0.000000	0.000000
563	0	0	-0.866025	0.500000
564	0	0	0.000000	0.000000
565	0	0	-0.000000	-0.500000
566	0	0	0.000000	0.000000
567	0	0	-0.866025	0.500000
568	0	0	0.000000	0.000000
569	0	0	0.433013	0.250000
570	0	0	0.000000	0.000000
571	0	0	-0.433013	0.250000
572	0	0	0.000000	0.000000
573	0	1	0.866025	0.500000
574	0	0	0.000000	0.000000
575	0	0	0.433013	0.250000
576	0	0	0.000000	0.000000
577	0	0	-0.000000	-1.000000
578	0	0	0.000000	0.000000
579	0	0	0.866025	0.500000
580	0	0	0.000000	0.000000
581	0	0	-0.000000	-1.000000
582	0	0	0.000000	0.000000
583	0	0	-0.000000	-0.500000
584	0	0	0.000000	0.000000
585	0	1	-0.433013	0.250000
586	0	0	0.000000	0.000000
587	0	0	-0.000000	-0.500000
588	0	0	0.000000	0.000000
589	0	0	-0.433013	0.250000
590	0	0	0.000000	0.000000
591	0	0	0.433013	0.250000
592	0	0	0.000000	0.000000
593	0	0	-0.000000	-0.500000
594	0	0	0.000000	0.000000
595	0	1	-0.866025	0.500000
596	0	0	0.000000	0.000000
597	0	0	-0.000000	-0.500000
598	0	0	0.000000	0.000000
599	0	0	0.866025	0.500000
600	0	0	0.000000	0.000000
601	0	0	-0.000000	-1.000000
602	0	0	0.000000	0.000000
603	0	1	0.433013	0.250000
604	0	0	0.000000	0.000000
605	0	0	-0.433013	0.250000
606	0	0	0.000000	0.000000
607	0	0	-0.433013	0.250000
608	0	0	0.000000	0.000000
609	0	0	-0.433013	0.250000
610	0	0	0.000000	0.000000
611	0	0	-0.433013	0.250000
612	0	0	0.000000	0.000000
613	0	1	0.866025	0.500000
614	0	0	0.000000	0.000000
615	0	0	0.433013	0.250000
616	0	0	0.000000	0.000000
617	0	0	-0.433013	0.250000
618	0	0	0.000000	0.000000
619	0	0	-0.000000	-0.500000
620	0	0	0.000000	0.000000
621	0	0	-0.433013	0.250000
622	0	0	0.000000	0.000000
623	0	0	-0.433013	0.250000
624	0	0	0.000000	0.000000
625	0	0	-0.000000	-0.500000
626	0	0	0.000000	0.000000
627	0	0	0.433013	0.250000
628	0	0	0.000000	0.000000
629	0	0	-0.433013	0.250000
630	0	0	0.000000	0.000000
631	0	0	-0.433013	0.250000
632	0	0	0.000000	0.000000
633	0	1	0.866025	0.500000
634	0	0	0.000000	0.000000
635	0	0	-0.000000	-1.000000
636	0	0	0.000000	0.000000
637	0	0	-0.433013	0.250000
638	0	0	0.000000	0.000000
639	0	0	-0.000000	-0.500000
640	0	0	0.000000	0.000000
641	0	0	-0.433013	0.250000
642	0	0	0.000000	0.000000
643	0	1	-0.000000	-1.000000
644	0	0	0.000000	0.000000
645	0	0	-0.433013	0.250000
646	0	0	0.000000	0.000000
647	0	0	-0.866025	0.500000
648	0	0	0.000000	0.000000
649	0	0	0.433013	0.250000
650	0	0	0.000000	0.000000
651	0	0	-0.433013	0.250000
652	0	0	0.000000	0.000000
653	0	0	-0.433013	0.250000
654	0	0	0.000000	0.000000
655	0	0	0.866025	0.500000
656	0	0	0.000000	0.000000
657	0	0	0.866025	0.500000
658	0	0	0.000000	0.000000
659	0	0	-0.433013	0.250000
660	0	0	0.000000	0.000000
661	0	1	-0.000000	-0.500000
662	0	0	0.000000	0.000000
663	0	0	-0.000000	-1.000000
664	0	0	0.000000	0.000000
665	0	0	0.433013	0.250000
666	0	0	0.000000	0.000000
667	0	0	0.866025	0.500000
668	0	0	0.000000	0.000000
669	0	0	-0.000000	-1.000000
670	0	0	0.000000	0.000000
671	0	0	-0.000000	-0.500000
672	0	0	0.000000	0.000000
673	0	0	-0.866025	0.500000
674	0	0	0.000000	0.000000
675	0	1	-0.866025	0.500000
676	0	0	0.000000	0.000000
677	0	0	-0.000000	-1.000000
678	0	0	0.000000	0.000000
679	0	0	0.433013	0.250000
680	0	0	0.000000	0.000000
681	0	0	0.433013	0.250000
682	0	0	0.000000	0.000000
683	0	0	-0.000000	-1.000000
684	0	0	0.000000	0.000000
685	0	0	0.433013	0.250000
686	0	0	0.000000	0.000000
687	0	1	-0.000000	-0.500000
688	0	0	0.000000	0.000000
689	0	0	-0.433013	0.250000
690	0	0	0.000000	0.000000
691	0	0	-0.000000	-1.000000
692	0	0	0.000000	0.000000
693	0	0	-0.000000	-1.000000
694	0	0	0.000000	0.000000
695	0	0	-0.000000	-0.500000
696	0	0	0.000000	0.000000
697	0	0	-0.433013	0.250000
698	0	0	0.000000	0.000000
699	0	0	-0.000000	-1.000000
700	0	0	0.000000	0.000000
701	0	0	0.433013	0.250000
702	0	0	0.000000	0.000000
703	0	0	-0.000000	-1.000000
704	0	0	0.000000	0.000000
705	0	0	-0.000000	-1.000000
706	0	0	0.000000	0.000000
707	0	0	0.866025	0.500000
708	0	0	0.000000	0.000000
709	0	1	-0.000000	-0.500000
710	0	0	0.000000	0.000000
711	0	0	-0.866025	0.500000
712	0	0	0.000000	0.000000
713	0	0	0.866025	0.500000
714	0	0	0.000000	0.000000
715	0	0	-0.866025	0.500000
716	0	0	0.000000	0.000000
717	0	0	0.433013	0.250000
718	0	0	0.000000	0.000000
719	0	1	-0.866025	0.500000
720	0	0	0.000000	0.000000
721	0	0	-0.000000	-0.500000
722	0	0	0.000000	0.000000
723	0	0	0.433013	0.250000
724	0	0	0.000000	0.000000
725	0	0	0.866025	0.500000
726	0	0	0.000000	0.000000
727	0	0	-0.000000	-1.000000
728	0	0	0.000000	0.000000
729	0	1	0.866025	0.500000
730	0	0	0.000000	0.000000
731	0	0	0.433013	0.250000
732	0	0	0.000000	0.000000
733	0	0	-0.866025	0.500000
734	0	0	0.000000	0.000000
735	0	0	-0.000000	-0.500000
736	0	0	0.000000	0.000000
737	0	0	-0.000000	-0.500000
738	0	0	0.000000	0.000000
739	0	0	-0.433013	0.250000
740	0	0	0.000000	0.000000
741	0	1	0.433013	0.250000
742	0	0	0.000000	0.000000
743	0	0	-0.433013	0.250000
744	0	0	0.000000	0.000000
745	0	0	-0.000000	-1.000000
746	0	0	0.000000	0.000000
747	0	0	-0.000000	-1.000000
748	0	0	0.000000	0.000000
749	0	0	-0.866025	0.500000
750	0	0	0.000000	0.000000
751	0	0	0.866025	0.500000
752	0	0	0.000000	0.000000
753	0	1	-0.000000	-0.500000
754	0	0	0.000000	0.000000
755	0	0	-0.866025	0.500000
756	0	0	0.000000	0.000000
757	0	0	0.433013	0.250000
758	0	0	0.000000	0.000000
759	0	0	-0.000000	-0.500000
760	0	0	0.000000	0.000000
761	0	0	-0.433013	0.250000
762	0	0	0.000000	0.000000
763	0	0	0.866025	0.500000
764	0	0	0.000000	0.000000
765	0	1	-0.000000	-0.500000
766	0	0	0.000000	0.000000
767	0	0	-0.000000	-1.000000
768	0	0	0.000000	0.000000
769	0	0	-0.000000	-0.500000
770	0	0	0.000000	0.000000
771	0	0	-0.866025	0.500000
772	0	0	0.000000	0.000000
773	0	0	-0.000000	-1.000000
774	0	0	0.000000	0.000000
775	0	0	0.866025	0.500000
776	0	0	0.000000	0.000000
777	0	0	0.433013	0.250000
778	0	0	0.000000	0.000000
779	0	0	0.866025	0.500000
780	0	0	0.000000	0.000000
781	0	0	0.866025	0.500000
782	0	0	0.000000	0.000000
783	0	0	0.866025	0.500000
784	0	0	0.000000	0.000000
785	0	1	-0.866025	0.500000
786	0	0	0.000000	0.000000
787	0	0	-0.000000	-1.000000
788	0	0	0.000000	0.000000
789	0	0	-0.000000	-0.500000
790	0	0	0.000000	0.000000
791	0	0	0.866025	0.500000
792	0	0	0.000000	0.000000
793	0	0	0.433013	0.250000
794	0	0	0.000000	0.000000
795	0	0	-0.866025	0.500000
796	0	0	0.000000	0.000000
797	0	0	-0.866025	0.500000
798	0	0	0.000000	0.000000
799	0	0	-0.866025	0.500000
800	0	0	0.000000	0.000000
801	0	0	0.866025	0.500000
802	0	0	0.000000	0.000000
803	0	0	-0.000000	-0.500000
804	0	0	0.000000	0.000000
805	0	0	0.433013	0.250000
806	0	0	0.000000	0.000000
807	0	0	0.866025	0.500000
808	0	0	0.000000	0.000000
809	0	0	-0.866025	0.500000
810	0	0	0.000000	0.000000
811	0	0	-0.000000	-0.500000
812	0	0	0.000000	0.000000
813	0	0	0.866025	0.500000
814	0	0	0.000000	0.000000
815	0	0	-0.000000	-0.500000
816	0	0	0.000000	0.000000
817	0	0	-0.866025	0.500000
818	0	0	0.000000	0.000000
819	0	1	-0.000000	-1.000000
820	0	0	0.000000	0.000000
821	0	0	-0.866025	0.500000
822	0	0	0.000000	0.000000
823	0	0	-0.000000	-1.000000
824	0	0	0.000000	0.000000
825	0	0	-0.000000	-0.500000
826	0	0	0.000000	0.000000
827	0	1	-0.866025	0.500000
828	0	0	0.000000	0.000000
829	0	0	-0.000000	-0.500000
830	0	0	0.000000	0.000000
831	0	0	-0.866025	0.500000
832	0	0	0.000000	0.000000
833	0	0	0.866025	0.500000
834	0	0	0.000000	0.000000
835	0	0	0.866025	0.500000
836	0	0	0.000000	0.000000
837	0	0	0.433013	0.250000
838	0	0	0.000000	0.000000
839	0	0	-0.000000	-0.500000
840	0	0	0.000000	0.000000
841	0	0	-0.433013	0.250000
842	0	0	0.000000	0.000000
843	0	0	-0.000000	-1.000000
844	0	0	0.000000	0.000000
845	0	0	-0.866025	0.500000
846	0	0	0.000000	0.000000
847	0	1	-0.433013	0.250000
848	0	0	0.000000	0.000000
849	0	0	0.433013	0.250000
850	0	0	0.000000	0.000000
851	0	0	-0.866025	0.500000
852	0	0	0.000000	0.000000
853	0	0	-0.433013	0.250000
854	0	0	0.000000	0.000000
855	0	0	0.433013	0.250000
856	0	0	0.000000	0.000000
857	0	0	-0.866025	0.500000
858	0	0	0.000000	0.000000
859	0	0	0.866025	0.500000
860	0	0	0.000000	0.000000
861	0	0	0.433013	0.250000
862	0	0	0.000000	0.000000
863	0	1	-0.000000	-0.500000
864	0	0	0.000000	0.000000
865	2	1	0.866025	0.500000
866	2	1	0.000000	0.000000
867	2	1	-0.866025	0.500000
868	2	1	0.000000	0.000000
869	2	1	-0.866025	0.500000
870	2	1	0.000000	0.000000
871	2	1	0.866025	0.500000
872	2	1	0.000000	0.000000
873	2	1	0.866025	0.500000
874	2	1	0.000000	0.000000
875	2	1	-0.866025	0.500000
876	2	1	0.000000	0.000000
877	2	1	-0.000000	-1.000000
878	2	1	0.000000	0.000000
879	2	1	-0.000000	-1.000000
880	2	1	0.000000	0.000000
881	2	1	0.866025	0.500000
882	2	1	0.000000	0.000000
883	2	1	0.866025	0.500000
884	2	1	0.000000	0.000000
885	2	1	-0.866025	0.500000
886	2	1	0.000000	0.000000
887	2	1	-0.000000	-1.000000
888	2	1	0.000000	0.000000
889	2	1	-0.866025	0.500000
890	2	1	0.000000	0.000000
891	2	1	-0.866025	0.500000
892	2	1	0.000000	0.000000
893	2	1	-0.866025	0.500000
894	2	1	0.000000	0.000000
895	2	1	0.866025	0.500000
896	2	1	0.000000	0.000000
897	2	1	-0.000000	-1.000000
898	2	1	0.000000	0.000000
899	2	1	-0.000000	-1.000000
900	2	1	0.000000	0.000000
901	2	1	-0.000000	-1.000000
902	2	1	0.000000	0.000000
903	2	1	-0.000000	-1.000000
904	2	1	0.000000	0.000000
905	2	1	-0.000000	-1.000000
906	2	1	0.000000	0.000000
907	2	1	0.866025	0.500000
908	2	1	0.000000	0.000000
909	2	1	-0.000000	-1.000000
910	2	1	0.000000	0.000000
911	2	1	-0.866025	0.500000
912	2	1	0.000000	0.000000
913	2	1	0.866025	0.500000
914	2	1	0.000000	0.000000
915	2	1	-0.000000	-1.000000
916	2	1	0.000000	0.000000
917	2	1	-0.866025	0.500000
918	2	1	0.000000	0.000000
919	2	1	0.866025	0.500000
920	2	1	0.000000	0.000000
921	2	1	-0.866025	0.500000
922	2	1	0.000000	0.000000
923	2	1	-0.866025	0.500000
924	2	1	0.000000	0.000000
925	2	1	-0.866025	0.500000
926	2	1	0.000000	0.000000
927	2	1	0.866025	0.500000
928	2	1	0.000000	0.000000
929	2	1	-0.866025	0.500000
930	2	1	0.000000	0.000000
931	2	1	-0.000000	-1.000000
932	2	1	0.000000	0.000000
933	2	1	0.866025	0.500000
934	2	1	0.000000	0.000000
935	2	1	-0.866025	0.500000
936	2	1	0.000000	0.000000
937	2	1	0.866025	0.500000
938	2	1	0.000000	0.000000
939	2	1	-0.866025	0.500000
940	2	1	0.000000	0.000000
941	2	1	-0.866025	0.500000
942	2	1	0.000000	0.000000
943	2	1	-0.000000	-1.000000
944	2	1	0.000000	0.000000
945	2	1	0.866025	0.500000
946	2	1	0.000000	0.000000
947	2	1	0.866025	0.500000
948	2	1	0.000000	0.000000
949	2	1	-0.000000	-1.000000
950	2	1	0.000000	0.000000
951	2	1	-0.000000	-1.000000
952	2	1	0.000000	0.000000
953	2	1	-0.866025	0.500000
954	2	1	0.000000	0.000000
955	2	1	-0.000000	-1.000000
956	2	1	0.000000	0.000000
957	2	1	-0.000000	-1.000000
958	2	1	0.000000	0.000000
959	2	1	-0.866025	0.500000
960	2	1	0.000000	0.000000
961	2	1	-0.000000	-1.000000
962	2	1	0.000000	0.000000
963	2	1	-0.866025	0.500000
964	2	1	0.000000	0.000000
965	2	1	-0.866025	0.500000
966	2	1	0.000000	0.000000
967	2	1	0.866025	0.500000
968	2	1	0.000000	0.000000
969	2	1	0.866025	0.500000
970	2	1	0.000000	0.000000
971	2	1	-0.000000	-1.000000
972	2	1	0.000000	0.000000
973	2	1	-0.000000	-1.000000
974	2	1	0.000000	0.000000
975	2	1	-0.866025	0.500000
976	2	1	0.000000	0.000000
977	2	1	-0.000000	-1.000000
978	2	1	0.000000	0.000000
979	2	1	-0.866025	0.500000
980	2	1	0.000000	0.000000
981	2	1	-0.866025	0.500000
982	2	1	0.000000	0.000000
983	2	1	-0.000000	-1.000000
984	2	1	0.000000	0.000000
985	2	1	0.866025	0.500000
986	2	1	0.000000	0.000000
987	2	1	-0.866025	0.500000
988	2	1	0.000000	0.000000
989	2	1	-0.000000	-1.000000
990	2	1	0.000000	0.000000
991	2	1	-0.866025	0.500000
992	2	1	0.000000	0.000000
993	2	1	0.866025	0.500000
994	2	1	0.000000	0.000000
995	2	1	0.866025	0.500000
996	2	1	0.000000	0.000000
997	2	1	0.866025	0.500000
998	2	1	0.000000	0.000000
999	2	1	0.866025	0.500000
1000	2	1	0.000000	0.000000
1001	2	1	0.866025	0.500000
1002	2	1	0.000000	0.000000
1003	2	1	-0.000000	-1.000000
1004	2	1	0.000000	0.000000
1005	2	1	-0.000000	-1.000000
1006	2	1	0.000000	0.000000
1007	2	1	-0.000000	-1.000000
1008	2	1	0.000000	0.000000
1009	2	1	-0.000000	-1.000000
1010	2	1	0.000000	0.000000
1011	2	1	0.866025	0.500000
1012	2	1	0.000000	0.000000
1013	2	1	0.866025	0.500000
1014	2	1	0.000000	0.000000
1015	2	1	-0.866025	0.500000
1016	2	1	0.000000	0.000000
1017	2	1	0.866025	0.500000
1018	2	1	0.000000	0.000000
1019	2	1	-0.866025	0.500000
1020	2	1	0.000000	0.000000
1021	2	1	0.866025	0.500000
1022	2	1	0.000000	0.000000
1023	2	1	-0.000000	-1.000000
1024	2	1	0.000000	0.000000
1025	2	1	-0.866025	0.500000
1026	2	1	0.000000	0.000000
1027	2	1	-0.866025	0.500000
1028	2	1	0.000000	0.000000
1029	2	1	0.866025	0.500000
1030	2	1	0.000000	0.000000
1031	2	1	-0.000000	-1.000000
1032	2	1	0.000000	0.000000
1033	2	1	-0.000000	-1.000000
1034	2	1	0.000000	0.000000
1035	2	1	-0.866025	0.500000
1036	2	1	0.000000	0.000000
1037	2	1	-0.000000	-1.000000
1038	2	1	0.000000	0.000000
1039	2	1	0.866025	0.500000
1040	2	1	0.000000	0.000000
1041	2	1	0.866025	0.500000
1042	2	1	0.000000	0.000000
1043	2	1	0.866025	0.500000
1044	2	1	0.000000	0.000000
1045	2	1	0.866025	0.500000
1046	2	1	0.000000	0.000000
1047	2	1	-0.000000	-1.000000
1048	2	1	0.000000	0.000000
1049	2	1	0.866025	0.500000
1050	2	1	0.000000	0.000000
1051	2	1	-0.000000	-1.000000
1052	2	1	0.000000	0.000000
1053	2	1	-0.866025	0.500000
1054	2	1	0.000000	0.000000
1055	2	1	-0.866025	0.500000
1056	2	1	0.000000	0.000000
1057	2	1	0.866025	0.500000
1058	2	1	0.000000	0.000000
1059	2	1	-0.866025	0.500000
1060	2	1	0.000000	0.000000
1061	2	1	-0.866025	0.500000
1062	2	1	0.000000	0.000000
1063	0	1	-0.433013	0.250000
1064	0	1	0.000000	0.000000
1065	2	1	-0.866025	0.500000
1066	2	1	0.000000	0.000000
1067	2	1	-0.000000	-1.000000
1068	2	1	0.000000	0.000000
1069	2	1	-0.866025	0.500000
1070	2	1	0.000000	0.000000
1071	2	1	-0.000000	-1.000000
1072	2	1	0.000000	0.000000
1073	2	1	-0.866025	0.500000
1074	2	1	0.000000	0.000000
1075	2	1	-0.866025	0.500000
1076	2	1	0.000000	0.000000
1077	2	1	0.866025	0.500000
1078	2	1	0.000000	0.000000
1079	0	1	-0.433013	0.250000
1080	0	1	0.000000	0.000000
1081	2	1	-0.000000	-1.000000
1082	2	1	0.000000	0.000000
1083	2	1	-0.000000	-1.000000
1084	2	1	0.000000	0.000000
1085	2	1	-0.000000	-1.000000
1086	2	1	0.000000	0.000000
1087	2	1	-0.000000	-1.000000
1088	2	1	0.000000	0.000000
1089	0	1	-0.433013	0.250000
1090	0	1	0.000000	0.000000
1091	2	1	0.866025	0.500000
1092	2	1	0.000000	0.000000
1093	2	1	-0.000000	-1.000000
1094	2	1	0.000000	0.000000
1095	2	1	-0.000000	-1.000000
1096	2	1	0.000000	0.000000
1097	2	1	-0.000000	-1.000000
1098	2	1	0.000000	0.000000
1099	2	1	0.866025	0.500000
1100	2	1	0.000000	0.000000
1101	2	1	-0.866025	0.500000
1102	2	1	0.000000	0.000000
1103	2	1	0.866025	0.500000
1104	2	1	0.000000	0.000000
1105	0	1	0.866025	0.500000
1106	0	1	0.000000	0.000000
1107	2	1	-0.866025	0.500000
1108	2	1	0.000000	0.000000
1109	2	1	-0.866025	0.500000
1110	2	1	0.000000	0.000000
1111	2	1	0.866025	0.500000
1112	2	1	0.000000	0.000000
1113	2	1	-0.866025	0.500000
1114	2	1	0.000000	0.000000
1115	0	1	-0.000000	-1.000000
1116	0	1	0.000000	0.000000
1117	2	1	-0.000000	-1.000000
1118	2	1	0.000000	0.000000
1119	2	1	0.866025	0.500000
1120	2	1	0.000000	0.000000
1121	2	1	0.866025	0.500000
1122	2	1	0.000000	0.000000
1123	2	1	-0.000000	-1.000000
1124	2	1	0.000000	0.000000
1125	0	1	-0.866025	0.500000
1126	0	1	0.000000	0.000000
1127	2	1	-0.000000	-1.000000
1128	2	1	0.000000	0.000000
1129	2	1	-0.866025	0.500000
1130	2	1	0.000000	0.000000
1131	2	1	-0.000000	-1.000000
1132	2	1	0.000000	0.000000
1133	2	1	-0.000000	-1.000000
1134	2	1	0.000000	0.000000
1135	2	1	-0.866025	0.500000
1136	2	1	0.000000	0.000000
1137	2	1	0.866025	0.500000
1138	2	1	0.000000	0.000000
1139	2	1	0.866025	0.500000
1140	2	1	0.000000	0.000000
1141	2	1	-0.000000	-1.000000
1142	2	1	0.000000	0.000000
1143	2	1	0.866025	0.500000
1144	2	1	0.000000	0.000000
1145	2	1	-0.000000	-1.000000
1146	2	1	0.000000	0.000000
1147	2	1	0.866025	0.500000
1148	2	1	0.000000	0.000000
1149	2	1	-0.866025	0.500000
1150	2	1	0.000000	0.000000
1151	2	1	-0.000000	-1.000000
1152	2	1	0.000000	0.000000
1153	2	1	0.866025	0.500000
1154	2	1	0.000000	0.000000
1155	2	1	-0.000000	-1.000000
1156	2	1	0.000000	0.000000
1157	2	1	0.866025	0.500000
1158	2	1	0.000000	0.000000
1159	2	1	-0.866025	0.500000
1160	2	1	0.000000	0.000000
1161	2	1	0.866025	0.500000
1162	2	1	0.000000	0.000000
1163	2	1	-0.000000	-1.000000
1164	2	1	0.000000	0.000000
1165	2	1	-0.000000	-1.000000
1166	2	1	0.000000	0.000000
1167	2	1	0.866025	0.500000
1168	2	1	0.000000	0.000000
1169	0	1	0.866025	0.500000
1170	0	1	0.000000	0.000000
1171	2	1	0.866025	0.500000
1172	2	1	0.000000	0.000000
1173	2	1	0.866025	0.500000
1174	2	1	0.000000	0.000000
1175	2	1	-0.866025	0.500000
1176	2	1	0.000000	0.000000
1177	2	1	-0.866025	0.500000
1178	2	1	0.000000	0.000000
1179	0	1	0.433013	0.250000
1180	0	1	0.000000	0.000000
1181	2	1	0.866025	0.500000
1182	2	1	0.000000	0.000000
1183	2	1	-0.866025	0.500000
1184	2	1	0.000000	0.000000
1185	2	1	0.866025	0.500000
1186	2	1	0.000000	0.000000
1187	2	1	0.866025	0.500000
1188	2	1	0.000000	0.000000
1189	2	1	0.866025	0.500000
1190	2	1	0.000000	0.000000
1191	2	1	0.866025	0.500000
1192	2	1	0.000000	0.000000
1193	0	1	-0.866025	0.500000
1194	0	1	0.000000	0.000000
1195	2	1	-0.000000	-1.000000
1196	2	1	0.000000	0.000000
1197	2	1	0.866025	0.500000
1198	2	1	0.000000	0.000000
1199	2	1	-0.866025	0.500000
1200	2	1	0.000000	0.000000
1201	0	1	-0.866025	0.500000
1202	0	1	0.000000	0.000000
1203	2	1	-0.866025	0.500000
1204	2	1	0.000000	0.000000
1205	2	1	-0.000000	-1.000000
1206	2	1	0.000000	0.000000
1207	2	1	0.866025	0.500000
1208	2	1	0.000000	0.000000
1209	2	1	0.866025	0.500000
1210	2	1	0.000000	0.000000
1211	2	1	-0.866025	0.500000
1212	2	1	0.000000	0.000000
1213	0	1	-0.000000	-1.000000
1214	0	1	0.000000	0.000000
1215	2	1	-0.000000	-1.000000
1216	2	1	0.000000	0.000000
1217	2	1	-0.866025	0.500000
1218	2	1	0.000000	0.000000
1219	2	1	-0.000000	-1.000000
1220	2	1	0.000000	0.000000
1221	2	1	-0.000000	-1.000000
1222	2	1	0.000000	0.000000
1223	0	1	0.433013	0.250000
1224	0	1	0.000000	0.000000
1225	2	1	-0.000000	-1.000000
1226	2	1	0.000000	0.000000
1227	2	1	-0.866025	0.500000
1228	2	1	0.000000	0.000000
1229	2	1	-0.000000	-1.000000
1230	2	1	0.000000	0.000000
1231	2	1	0.866025	0.500000
1232	2	1	0.000000	0.000000
1233	2	1	-0.000000	-1.000000
1234	2	1	0.000000	0.000000
1235	2	1	0.866025	0.500000
1236	2	1	0.000000	0.000000
1237	2	1	0.866025	0.500000
1238	2	1	0.000000	0.000000
1239	0	1	-0.433013	0.250000
1240	0	1	0.000000	0.000000
1241	2	1	-0.000000	-1.000000
1242	2	1	0.000000	0.000000
1243	2	1	-0.866025	0.500000
1244	2	1	0.000000	0.000000
1245	2	1	-0.866025	0.500000
1246	2	1	0.000000	0.000000
1247	2	1	0.866025	0.500000
1248	2	1	0.000000	0.000000
1249	2	1	-0.000000	-1.000000
1250	2	1	0.000000	0.000000
1251	2	1	0.866025	0.500000
1252	2	1	0.000000	0.000000
1253	2	1	-0.866025	0.500000
1254	2	1	0.000000	0.000000
1255	2	1	0.866025	0.500000
1256	2	1	0.000000	0.000000
1257	2	1	-0.866025	0.500000
1258	2	1	0.000000	0.000000
1259	2	1	-0.000000	-1.000000
1260	2	1	0.000000	0.000000
1261	2	1	0.866025	0.500000
1262	2	1	0.000000	0.000000
1263	0	1	0.433013	0.250000
1264	0	1	0.000000	0.000000
1265	2	1	0.866025	0.500000
1266	2	1	0.000000	0.000000
1267	2	1	-0.000000	-1.000000
1268	2	1	0.000000	0.000000
1269	2	1	-0.866025	0.500000
1270	2	1	0.000000	0.000000
1271	2	1	-0.866025	0.500000
1272	2	1	0.000000	0.000000
1273	2	1	0.866025	0.500000
1274	2	1	0.000000	0.000000
1275	0	1	-0.000000	-1.000000
1276	0	1	0.000000	0.000000
1277	2	1	-0.866025	0.500000
1278	2	1	0.000000	0.000000
1279	2	1	0.866025	0.500000
1280	2	1	0.000000	0.000000
1281	2	1	-0.866025	0.500000
1282	2	1	0.000000	0.000000
1283	2	1	-0.866025	0.500000
1284	2	1	0.000000	0.000000
1285	2	1	0.866025	0.500000
1286	2	1	0.000000	0.000000
1287	2	1	-0.866025	0.500000
1288	2	1	0.000000	0.000000
1289	0	1	-0.433013	0.250000
1290	0	1	0.000000	0.000000
1291	2	1	-0.000000	-1.000000
1292	2	1	0.000000	0.000000
1293	2	1	0.866025	0.500000
1294	2	1	0.000000	0.000000
1295	2	1	0.866025	0.500000
1296	2	1	0.000000	0.000000
1297	2	1	0.866025	0.500000
1298	2	1	0.000000	0.000000
1299	0	1	-0.000000	-0.500000
1300	0	1	0.000000	0.000000
1301	2	1	0.866025	0.500000
1302	2	1	0.000000	0.000000
1303	2	1	0.866025	0.500000
1304	2	1	0.000000	0.000000
1305	2	1	-0.000000	-1.000000
1306	2	1	0.000000	0.000000
1307	2	1	0.866025	0.500000
1308	2	1	0.000000	0.000000
1309	2	1	0.866025	0.500000
1310	2	1	0.000000	0.000000
1311	0	1	0.433013	0.250000
1312	0	1	0.000000	0.000000
1313	2	1	0.866025	0.500000
1314	2	1	0.000000	0.000000
1315	2	1	-0.866025	0.500000
1316	2	1	0.000000	0.000000
1317	2	1	0.866025	0.500000
1318	2	1	0.000000	0.000000
1319	2	1	-0.000000	-1.000000
1320	2	1	0.000000	0.000000
1321	2	1	-0.000000	-1.000000
1322	2	1	0.000000	0.000000
1323	2	1	0.866025	0.500000
1324	2	1	0.000000	0.000000
1325	2	1	-0.866025	0.500000
1326	2	1	0.000000	0.000000
1327	2	1	0.866025	0.500000
1328	2	1	0.000000	0.000000
1329	0	1	-0.000000	-0.500000
1330	0	1	0.000000	0.000000
1331	2	1	-0.000000	-1.000000
1332	2	1	0.000000	0.000000
1333	2	1	0.866025	0.500000
1334	2	1	0.000000	0.000000
1335	2	1	-0.000000	-1.000000
1336	2	1	0.000000	0.000000
1337	2	1	-0.866025	0.500000
1338	2	1	0.000000	0.000000
1339	2	1	0.866025	0.500000
1340	2	1	0.000000	0.000000
1341	2	1	0.866025	0.500000
1342	2	1	0.000000	0.000000
1343	2	1	-0.866025	0.500000
1344	2	1	0.000000	0.000000
1345	2	1	-0.866025	0.500000
1346	2	1	0.000000	0.000000
1347	0	1	0.433013	0.250000
1348	0	1	0.000000	0.000000
1349	2	1	-0.866025	0.500000
1350	2	1	0.000000	0.000000
1351	2	1	-0.866025	0.500000
1352	2	1	0.000000	0.000000
1353	2	1	-0.000000	-1.000000
1354	2	1	0.000000	0.000000
1355	2	1	-0.000000	-1.000000
1356	2	1	0.000000	0.000000
1357	2	1	0.866025	0.500000
1358	2	1	0.000000	0.000000
1359	2	1	-0.866025	0.500000
1360	2	1	0.000000	0.000000
1361	2	1	-0.000000	-1.000000
1362	2	1	0.000000	0.000000
1363	2	1	0.866025	0.500000
1364	2	1	0.000000	0.000000
1365	2	1	-0.000000	-1.000000
1366	2	1	0.000000	0.000000
1367	0	1	-0.866025	0.500000
1368	0	1	0.000000	0.000000
1369	2	1	-0.000000	-1.000000
1370	2	1	0.000000	0.000000
1371	2	1	-0.866025	0.500000
1372	2	1	0.000000	0.000000
1373	2	1	-0.866025	0.500000
1374	2	1	0.000000	0.000000
1375	2	1	-0.000000	-1.000000
1376	2	1	0.000000	0.000000
1377	2	1	-0.866025	0.500000
1378	2	1	0.000000	0.000000
1379	0	1	-0.000000	-1.000000
1380	0	1	0.000000	0.000000
1381	2	1	-0.866025	0.500000
1382	2	1	0.000000	0.000000
1383	2	1	-0.866025	0.500000
1384	2	1	0.000000	0.000000
1385	2	1	0.866025	0.500000
1386	2	1	0.000000	0.000000
1387	0	1	-0.866025	0.500000
1388	0	1	0.000000	0.000000
1389	2	1	-0.866025	0.500000
1390	2	1	0.000000	0.000000
1391	2	1	-0.866025	0.500000
1392	2	1	0.000000	0.000000
1393	2	1	-0.866025	0.500000
1394	2	1	0.000000	0.000000
1395	2	1	-0.000000	-1.000000
1396	2	1	0.000000	0.000000
1397	2	1	0.866025	0.500000
1398	2	1	0.000000	0.000000
1399	2	1	0.866025	0.500000
1400	2	1	0.000000	0.000000
1401	2	1	0.866025	0.500000
1402	2	1	0.000000	0.000000
1403	2	1	-0.866025	0.500000
1404	2	1	0.000000	0.000000
1405	0	1	-0.433013	0.250000
1406	0	1	0.000000	0.000000
1407	2	1	-0.866025	0.500000
1408	2	1	0.000000	0.000000
1409	2	1	-0.000000	-1.000000
1410	2	1	0.000000	0.000000
1411	2	1	0.866025	0.500000
1412	2	1	0.000000	0.000000
1413	2	1	0.866025	0.500000
1414	2	1	0.000000	0.000000
1415	2	1	-0.866025	0.500000
1416	2	1	0.000000	0.000000
1417	2	1	0.866025	0.500000
1418	2	1	0.000000	0.000000
1419	2	1	-0.000000	-1.000000
1420	2	1	0.000000	0.000000
1421	2	1	0.866025	0.500000
1422	2	1	0.000000	0.000000
1423	2	1	-0.000000	-1.000000
1424	2	1	0.000000	0.000000
1425	0	1	0.433013	0.250000
1426	0	1	0.000000	0.000000
1427	2	1	-0.000000	-1.000000
1428	2	1	0.000000	0.000000
1429	2	1	-0.866025	0.500000
1430	2	1	0.000000	0.000000
1431	2	1	-0.866025	0.500000
1432	2	1	0.000000	0.000000
1433	2	1	-0.000000	-1.000000
1434	2	1	0.000000	0.000000
1435	2	1	0.866025	0.500000
1436	2	1	0.000000	0.000000
1437	2	1	-0.866025	0.500000
1438	2	1	0.000000	0.000000
1439	2	1	0.866025	0.500000
1440	2	1	0.000000	0.000000
1441	2	1	-0.866025	0.500000
1442	2	1	0.000000	0.000000
1443	2	1	-0.866025	0.500000
1444	2	1	0.000000	0.000000
1445	2	1	-0.866025	0.500000
1446	2	1	0.000000	0.000000
1447	2	1	-0.000000	-1.000000
1448	2	1	0.000000	0.000000
1449	2	1	-0.000000	-1.000000
1450	2	1	0.000000	0.000000
1451	0	1	-0.000000	-0.500000
1452	0	1	0.000000	0.000000
1453	2	1	0.866025	0.500000
1454	2	1	0.000000	0.000000
1455	2	1	0.866025	0.500000
1456	2	1	0.000000	0.000000
1457	2	1	-0.000000	-1.000000
1458	2	1	0.000000	0.000000
1459	2	1	0.866025	0.500000
1460	2	1	0.000000	0.000000
1461	2	1	-0.866025	0.500000
1462	2	1	0.000000	0.000000
1463	2	1	0.866025	0.500000
1464	2	1	0.000000	0.000000
1465	0	1	0.866025	0.500000
1466	0	1	0.000000	0.000000
1467	2	1	-0.866025	0.500000
1468	2	1	0.000000	0.000000
1469	2	1	-0.000000	-1.000000
1470	2	1	0.000000	0.000000
1471	2	1	-0.866025	0.500000
1472	2	1	0.000000	0.000000
1473	2	1	-0.866025	0.500000
1474	2	1	0.000000	0.000000
1475	2	1	-0.866025	0.500000
1476	2	1	0.000000	0.000000
1477	2	1	-0.000000	-1.000000
1478	2	1	0.000000	0.000000
1479	2	1	-0.866025	0.500000
1480	2	1	0.000000	0.000000
1481	2	1	0.866025	0.500000
1482	2	1	0.000000	0.000000
1483	2	1	-0.866025	0.500000
1484	2	1	0.000000	0.000000
1485	2	1	-0.000000	-1.000000
1486	2	1	0.000000	0.000000
1487	2	1	-0.000000	-1.000000
1488	2	1	0.000000	0.000000
1489	2	1	-0.000000	-1.000000
1490	2	1	0.000000	0.000000
1491	2	1	-0.866025	0.500000
1492	2	1	0.000000	0.000000
1493	2	1	-0.000000	-1.000000
1494	2	1	0.000000	0.000000
1495	2	1	-0.000000	-1.000000
1496	2	1	0.000000	0.000000
1497	2	1	0.866025	0.500000
1498	2	1	0.000000	0.000000
1499	2	1	0.866025	0.500000
1500	2	1	0.000000	0.000000
1501	2	1	-0.000000	-1.000000
1502	2	1	0.000000	0.000000
1503	0	1	0.866025	0.500000
1504	0	1	0.000000	0.000000
1505	2	1	-0.866025	0.500000
1506	2	1	0.000000	0.000000
1507	2	1	-0.000000	-1.000000
1508	2	1	0.000000	0.000000
1509	2	1	0.866025	0.500000
1510	2	1	0.000000	0.000000
1511	2	1	-0.000000	-1.000000
1512	2	1	0.000000	0.000000
1513	2	1	0.866025	0.500000
1514	2	1	0.000000	0.000000
1515	2	1	-0.866025	0.500000
1516	2	1	0.000000	0.000000
1517	2	1	-0.000000	-1.000000
1518	2	1	0.000000	0.000000
1519	2	1	-0.866025	0.500000
1520	2	1	0.000000	0.000000
1521	0	1	0.433013	0.250000
1522	0	1	0.000000	0.000000
1523	2	1	-0.000000	-1.000000
1524	2	1	0.000000	0.000000
1525	2	1	0.866025	0.500000
1526	2	1	0.000000	0.000000
1527	2	1	-0.000000	-1.000000
1528	2	1	0.000000	0.000000
1529	2	1	-0.000000	-1.000000
1530	2	1	0.000000	0.000000
1531	2	1	-0.000000	-1.000000
1532	2	1	0.000000	0.000000
1533	2	1	-0.000000	-1.000000
1534	2	1	0.000000	0.000000
1535	2	1	-0.866025	0.500000
1536	2	1	0.000000	0.000000
1537	2	1	-0.000000	-1.000000
1538	2	1	0.000000	0.000000
1539	2	1	-0.866025	0.500000
1540	2	1	0.000000	0.000000
1541	0	1	-0.000000	-0.500000
1542	0	1	0.000000	0.000000
1543	2	1	-0.000000	-1.000000
1544	2	1	0.000000	0.000000
1545	2	1	-0.000000	-1.000000
1546	2	1	0.000000	0.000000
1547	2	1	-0.866025	0.500000
1548	2	1	0.000000	0.000000
1549	2	1	-0.866025	0.500000
1550	2	1	0.000000	0.000000
1551	2	1	-0.000000	-1.000000
1552	2	1	0.000000	0.000000
1553	2	1	-0.000000	-1.000000
1554	2	1	0.000000	0.000000
1555	2	1	-0.000000	-1.000000
1556	2	1	0.000000	0.000000
1557	2	1	0.866025	0.500000
1558	2	1	0.000000	0.000000
1559	2	1	-0.866025	0.500000
1560	2	1	0.000000	0.000000
1561	2	1	-0.866025	0.500000
1562	2	1	0.000000	0.000000
1563	2	1	-0.866025	0.500000
1564	2	1	0.000000	0.000000
1565	0	1	0.866025	0.500000
1566	0	1	0.000000	0.000000
1567	2	1	-0.866025	0.500000
1568	2	1	0.000000	0.000000
1569	2	1	-0.866025	0.500000
1570	2	1	0.000000	0.000000
1571	2	1	-0.000000	-1.000000
1572	2	1	0.000000	0.000000
1573	2	1	0.866025	0.500000
1574	2	1	0.000000	0.000000
1575	0	1	-0.433013	0.250000
1576	0	1	0.000000	0.000000
1577	2	1	0.866025	0.500000
1578	2	1	0.000000	0.000000
1579	2	1	-0.866025	0.500000
1580	2	1	0.000000	0.000000
1581	2	1	0.866025	0.500000
1582	2	1	0.000000	0.000000
1583	2	1	0.866025	0.500000
1584	2	1	0.000000	0.000000
1585	0	1	-0.866025	0.500000
1586	0	1	0.000000	0.000000
1587	2	1	-0.866025	0.500000
1588	2	1	0.000000	0.000000
1589	2	1	-0.866025	0.500000
1590	2	1	0.000000	0.000000
1591	2	1	0.866025	0.500000
1592	2	1	0.000000	0.000000
1593	2	1	-0.000000	-1.000000
1594	2	1	0.000000	0.000000
1595	0	1	-0.000000	-0.500000
1596	0	1	0.000000	0.000000
1597	2	1	0.866025	0.500000
1598	2	1	0.000000	0.000000
1599	2	1	0.866025	0.500000
1600	2	1	0.000000	0.000000
1601	2	1	0.866025	0.500000
1602	2	1	0.000000	0.000000
1603	2	1	-0.000000	-1.000000
1604	2	1	0.000000	0.000000
1605	2	1	0.866025	0.500000
1606	2	1	0.000000	0.000000
1607	2	1	-0.000000	-1.000000
1608	2	1	0.000000	0.000000
1609	2	1	0.866025	0.500000
1610	2	1	0.000000	0.000000
1611	2	1	-0.866025	0.500000
1612	2	1	0.000000	0.000000
1613	2	1	-0.866025	0.500000
1614	2	1	0.000000	0.000000
1615	0	1	0.866025	0.500000
1616	0	1	0.000000	0.000000
1617	2	1	-0.000000	-1.000000
1618	2	1	0.000000	0.000000
1619	2	1	-0.000000	-1.000000
1620	2	1	0.000000	0.000000
1621	2	1	-0.000000	-1.000000
1622	2	1	0.000000	0.000000
1623	2	1	-0.866025	0.500000
1624	2	1	0.000000	0.000000
1625	0	1	-0.000000	-0.500000
1626	0	1	0.000000	0.000000
1627	2	1	-0.866025	0.500000
1628	2	1	0.000000	0.000000
1629	2	1	0.866025	0.500000
1630	2	1	0.000000	0.000000
1631	2	1	0.866025	0.500000
1632	2	1	0.000000	0.000000
1633	2	1	0.866025	0.500000
1634	2	1	0.000000	0.000000
1635	0	1	-0.000000	-0.500000
1636	0	1	0.000000	0.000000
1637	2	1	-0.000000	-1.000000
1638	2	1	0.000000	0.000000
1639	2	1	0.866025	0.500000
1640	2	1	0.000000	0.000000
1641	2	1	-0.866025	0.500000
1642	2	1	0.000000	0.000000
1643	2	1	-0.866025	0.500000
1644	2	1	0.000000	0.000000
1645	2	1	-0.866025	0.500000
1646	2	1	0.000000	0.000000
1647	2	1	-0.000000	-1.000000
1648	2	1	0.000000	0.000000
1649	2	1	-0.000000	-1.000000
1650	2	1	0.000000	0.000000
1651	2	1	-0.000000	-1.000000
1652	2	1	0.000000	0.000000
1653	2	1	0.866025	0.500000
1654	2	1	0.000000	0.000000
1655	0	1	-0.000000	-1.000000
1656	0	1	0.000000	0.000000
1657	2	1	-0.866025	0.500000
1658	2	1	0.000000	0.000000
1659	2	1	-0.000000	-1.000000
1660	2	1	0.000000	0.000000
1661	2	1	0.866025	0.500000
1662	2	1	0.000000	0.000000
1663	2	1	0.866025	0.500000
1664	2	1	0.000000	0.000000
1665	2	1	-0.866025	0.500000
1666	2	1	0.000000	0.000000
1667	2	1	-0.000000	-1.000000
1668	2	1	0.000000	0.000000
1669	2	1	-0.866025	0.500000
1670	2	1	0.000000	0.000000
1671	2	1	-0.000000	-1.000000
1672	2	1	0.000000	0.000000
1673	0	1	0.433013	0.250000
1674	0	1	0.000000	0.000000
1675	2	1	-0.000000	-1.000000
1676	2	1	0.000000	0.000000
1677	2	1	-0.000000	-1.000000
1678	2	1	0.000000	0.000000
1679	2	1	-0.000000	-1.000000
1680	2	1	0.000000	0.000000
1681	2	1	-0.866025	0.500000
1682	2	1	0.000000	0.000000
1683	2	1	-0.866025	0.500000
1684	2	1	0.000000	0.000000
1685	2	1	-0.000000	-1.000000
1686	2	1	0.000000	0.000000
1687	2	1	0.866025	0.500000
1688	2	1	0.000000	0.000000
1689	0	1	-0.000000	-1.000000
1690	0	1	0.000000	0.000000
1691	2	1	-0.866025	0.500000
1692	2	1	0.000000	0.000000
1693	2	1	0.866025	0.500000
1694	2	1	0.000000	0.000000
1695	2	1	-0.866025	0.500000
1696	2	1	0.000000	0.000000
1697	2	1	-0.000000	-1.000000
1698	2	1	0.000000	0.000000
1699	2	1	-0.000000	-1.000000
1700	2	1	0.000000	0.000000
1701	2	1	-0.866025	0.500000
1702	2	1	0.000000	0.000000
1703	2	1	-0.000000	-1.000000
1704	2	1	0.000000	0.000000
1705	2	1	0.866025	0.500000
1706	2	1	0.000000	0.000000
1707	0	1	-0.866025	0.500000
1708	0	1	0.000000	0.000000
1709	2	1	0.866025	0.500000
1710	2	1	0.000000	0.000000
1711	2	1	-0.000000	-1.000000
1712	2	1	0.000000	0.000000
1713	2	1	-0.866025	0.500000
1714	2	1	0.000000	0.000000
1715	2	1	-0.866025	0.500000
1716	2	1	0.000000	0.000000
1717	2	1	0.866025	0.500000
1718	2	1	0.000000	0.000000
1719	2	1	-0.000000	-1.000000
1720	2	1	0.000000	0.000000
1721	0	1	-0.000000	-1.000000
1722	0	1	0.000000	0.000000
1723	2	1	0.866025	0.500000
1724	2	1	0.000000	0.000000
1725	2	1	0.866025	0.500000
1726	2	1	0.000000	0.000000
1727	2	1	-0.000000	-1.000000
1728	2	1	0.000000	0.000000
1729	2	1	-0.866025	0.500000
1730	2	1	0.000000	0.000000
1731	2	1	-0.000000	-1.000000
1732	2	1	0.000000	0.000000
1733	2	1	-0.866025	0.500000
1734	2	1	0.000000	0.000000
1735	0	1	-0.000000	-1.000000
1736	0	1	0.000000	0.000000
1737	2	1	0.866025	0.500000
1738	2	1	0.000000	0.000000
1739	2	1	0.866025	0.500000
1740	2	1	0.000000	0.000000
1741	2	1	0.866025	0.500000
1742	2	1	0.000000	0.000000
1743	2	1	-0.000000	-1.000000
1744	2	1	0.000000	0.000000
1745	0	1	-0.000000	-0.500000
1746	0	1	0.000000	0.000000
1747	2	1	-0.866025	0.500000
1748	2	1	0.000000	0.000000
1749	2	1	-0.000000	-1.000000
1750	2	1	0.000000	0.000000
1751	2	1	0.866025	0.500000
1752	2	1	0.000000	0.000000
1753	2	1	-0.866025	0.500000
1754	2	1	0.000000	0.000000
1755	2	1	-0.866025	0.500000
1756	2	1	0.000000	0.000000
1757	2	1	-0.866025	0.500000
1758	2	1	0.000000	0.000000
1759	0	1	-0.866025	0.500000
1760	0	1	0.000000	0.000000
1761	2	1	-0.866025	0.500000
1762	2	1	0.000000	0.000000
1763	2	1	0.866025	0.500000
1764	2	1	0.000000	0.000000
1765	2	1	-0.000000	-1.000000
1766	2	1	0.000000	0.000000
1767	2	1	0.866025	0.500000
1768	2	1	0.000000	0.000000
1769	0	1	0.866025	0.500000
1770	0	1	0.000000	0.000000
1771	2	1	-0.866025	0.500000
1772	2	1	0.000000	0.000000
1773	2	1	-0.000000	-1.000000
1774	2	1	0.000000	0.000000
1775	2	1	0.866025	0.500000
1776	2	1	0.000000	0.000000
1777	2	1	-0.866025	0.500000
1778	2	1	0.000000	0.000000
1779	2	1	-0.000000	-1.000000
1780	2	1	0.000000	0.000000
1781	2	1	-0.866025	0.500000
1782	2	1	0.000000	0.000000
1783	2	1	-0.000000	-1.000000
1784	2	1	0.000000	0.000000
1785	2	1	-0.000000	-1.000000
1786	2	1	0.000000	0.000000
1787	2	1	0.866025	0.500000
1788	2	1	0.000000	0.000000
1789	2	1	0.866025	0.500000
1790	2	1	0.000000	0.000000
1791	2	1	-0.000000	-1.000000
1792	2	1	0.000000	0.000000
1793	2	1	-0.866025	0.500000
1794	2	1	0.000000	0.000000
1795	2	1	-0.866025	0.500000
1796	2	1	0.000000	0.000000
1797	0	1	-0.433013	0.250000
1798	0	1	0.000000	0.000000
1799	2	1	0.866025	0.500000
1800	2	1	0.000000	0.000000
1801	2	1	0.866025	0.500000
1802	2	1	0.000000	0.000000
1803	2	1	0.866025	0.500000
1804	2	1	0.000000	0.000000
1805	2	1	0.866025	0.500000
1806	2	1	0.000000	0.000000
1807	2	1	-0.866025	0.500000
1808	2	1	0.000000	0.000000
1809	2	1	-0.000000	-1.000000
1810	2	1	0.000000	0.000000
1811	2	1	-0.866025	0.500000
1812	2	1	0.000000	0.000000
1813	2	1	-0.000000	-1.000000
1814	2	1	0.000000	0.000000
1815	2	1	-0.000000	-1.000000
1816	2	1	0.000000	0.000000
1817	2	1	-0.000000	-1.000000
1818	2	1	0.000000	0.000000
1819	0	1	0.866025	0.500000
1820	0	1	0.000000	0.000000
1821	2	1	0.866025	0.500000
1822	2	1	0.000000	0.000000
1823	2	1	-0.866025	0.500000
1824	2	1	0.000000	0.000000
1825	0	1	-0.866025	0.500000
1826	0	1	0.000000	0.000000
1827	0	1	0.433013	0.250000
1828	0	1	0.000000	0.000000
1829	0	1	-0.866025	0.500000
1830	0	1	0.000000	0.000000
1831	0	1	0.866025	0.500000
1832	0	1	0.000000	0.000000
1833	0	1	-0.000000	-0.500000
1834	0	1	0.000000	0.000000
1835	0	1	-0.000000	-0.500000
1836	0	1	0.000000	0.000000
1837	0	1	0.866025	0.500000
1838	0	1	0.000000	0.000000
1839	0	1	-0.000000	-0.500000
1840	0	1	0.000000	0.000000
1841	0	1	0.433013	0.250000
1842	0	1	0.000000	0.000000
1843	0	1	-0.866025	0.500000
1844	0	1	0.000000	0.000000
1845	0	1	-0.433013	0.250000
1846	0	1	0.000000	0.000000
1847	0	1	0.433013	0.250000
1848	0	1	0.000000	0.000000
1849	0	1	-0.000000	-1.000000
1850	0	1	0.000000	0.000000
1851	0	1	-0.000000	-1.000000
1852	0	1	0.000000	0.000000
1853	0	1	0.433013	0.250000
1854	0	1	0.000000	0.000000
1855	0	1	-0.000000	-1.000000
1856	0	1	0.000000	0.000000
1857	0	1	-0.000000	-1.000000
1858	0	1	0.000000	0.000000
1859	0	1	-0.866025	0.500000
1860	0	1	0.000000	0.000000
1861	0	1	-0.000000	-1.000000
1862	0	1	0.000000	0.000000
1863	0	1	0.866025	0.500000
1864	0	1	0.000000	0.000000
1865	0	1	0.433013	0.250000
1866	0	1	0.000000	0.000000
1867	0	1	-0.433013	0.250000
1868	0	1	0.000000	0.000000
1869	0	1	-0.000000	-0.500000
1870	0	1	0.000000	0.000000
1871	0	1	-0.866025	0.500000
1872	0	1	0.000000	0.000000
1873	0	1	0.866025	0.500000
1874	0	1	0.000000	0.000000
1875	0	1	-0.433013	0.250000
1876	0	1	0.000000	0.000000
1877	0	1	-0.000000	-0.500000
1878	0	1	0.000000	0.000000
1879	0	1	0.433013	0.250000
1880	0	1	0.000000	0.000000
1881	0	1	-0.866025	0.500000
1882	0	1	0.000000	0.000000
1883	0	1	-0.433013	0.250000
1884	0	1	0.000000	0.000000
1885	0	1	0.866025	0.500000
1886	0	1	0.000000	0.000000
1887	0	1	0.866025	0.500000
1888	0	1	0.000000	0.000000
1889	0	1	-0.433013	0.250000
1890	0	1	0.000000	0.000000
1891	0	1	-0.000000	-0.500000
1892	0	1	0.000000	0.000000
1893	0	1	-0.433013	0.250000
1894	0	1	0.000000	0.000000
1895	0	1	-0.000000	-1.000000
1896	0	1	0.000000	0.000000
1897	0	0	-0.433013	0.250000
1898	0	0	0.000000	0.000000
1899	0	0	0.433013	0.250000
1900	0	0	0.000000	0.000000
1901	0	0	-0.000000	-0.500000
1902	0	0	0.000000	0.000000
1903	0	0	0.866025	0.500000
1904	0	0	0.000000	0.000000
1905	0	0	0.433013	0.250000
1906	0	0	0.000000	0.000000
1907	0	0	0.433013	0.250000
1908	0	0	0.000000	0.000000
1909	0	0	-0.866025	0.500000
1910	0	0	0.000000	0.000000
1911	0	0	-0.433013	0.250000
1912	0	0	0.000000	0.000000
1913	0	0	-0.866025	0.500000
1914	0	0	0.000000	0.000000
1915	0	0	-0.000000	-0.500000
1916	0	0	0.000000	0.000000
1917	0	0	-0.000000	-0.500000
1918	0	0	0.000000	0.000000
1919	0	0	-0.000000	-1.000000
1920	0	0	0.000000	0.000000
1921	0	0	-0.000000	-1.000000
1922	0	0	0.000000	0.000000
1923	0	0	-0.866025	0.500000
1924	0	0	0.000000	0.000000
1925	0	0	-0.433013	0.250000
1926	0	0	0.000000	0.000000
1927	0	0	-0.000000	-1.000000
1928	0	0	0.000000	0.000000
1929	0	0	0.866025	0.500000
1930	0	0	0.000000	0.000000
1931	0	0	0.866025	0.500000
1932	0	0	0.000000	0.000000
